    19709	2026-03-14 13:42:19	1	3	1	0
    32171	2026-03-14 13:42:32	1	3	1	0
    32171	2026-03-14 13:42:43	1	3	1	0
    32171	2026-03-14 13:42:47	1	3	1	0
     3583	2026-03-14 17:01:13	1	1	1	0
     3583	2026-03-14 17:01:16	1	1	1	0
     1003	2026-03-14 17:01:25	1	1	1	0
     1003	2026-03-14 17:01:30	1	1	1	0
     5437	2026-03-14 17:02:27	1	1	1	0
     5437	2026-03-14 17:02:30	1	1	1	0
      342	2026-03-14 17:07:42	1	1	1	0
      342	2026-03-14 17:07:44	1	1	1	0
    33223	2026-03-14 17:11:14	1	1	1	0
     4207	2026-03-14 17:11:44	1	1	1	0
     4207	2026-03-14 17:11:48	1	1	1	0
     4207	2026-03-14 17:11:51	1	1	1	0
     5570	2026-03-14 17:36:22	1	1	1	0
     1462	2026-03-14 17:37:01	1	1	1	0
    52071	2026-03-14 17:37:08	1	1	1	0
    23327	2026-03-14 17:41:50	1	1	1	0
    13229	2026-03-14 18:36:58	1	1	1	0
    32171	2026-03-14 22:00:05	1	1	1	0
    32171	2026-03-14 22:00:09	1	1	1	0
    32171	2026-03-14 22:00:15	1	1	1	0
    18611	2026-03-15 06:14:52	1	0	1	0
    18611	2026-03-15 06:14:55	1	0	1	0
    32171	2026-03-15 06:40:08	1	0	1	0
    32171	2026-03-15 06:40:12	1	0	1	0
    32171	2026-03-15 06:40:16	1	0	1	0
     8809	2026-03-15 07:02:14	1	0	1	0
     8809	2026-03-15 07:02:22	1	0	1	0
     8809	2026-03-15 07:02:26	1	0	1	0
     1384	2026-03-15 07:04:00	1	0	1	0
    51894	2026-03-15 07:07:00	1	0	1	0
     6272	2026-03-15 07:27:37	1	0	1	0
     5329	2026-03-15 07:27:47	1	0	1	0
     5329	2026-03-15 07:27:51	1	0	1	0
     4948	2026-03-15 07:32:39	1	0	1	0
     4948	2026-03-15 07:32:41	1	0	1	0
     5437	2026-03-15 07:48:32	1	0	1	0
     5437	2026-03-15 07:48:35	1	0	1	0
     5470	2026-03-15 07:51:32	1	0	1	0
     3443	2026-03-15 07:52:32	1	0	1	0
    41837	2026-03-15 07:58:24	1	0	1	0
    41837	2026-03-15 07:58:27	1	0	1	0
     4207	2026-03-15 08:06:00	1	0	1	0
     4207	2026-03-15 08:06:03	1	0	1	0
     4207	2026-03-15 08:06:06	1	0	1	0
    36963	2026-03-15 08:12:43	1	0	1	0
    36963	2026-03-15 08:12:46	1	0	1	0
    51894	2026-03-15 12:01:07	1	2	1	0
    51894	2026-03-15 12:01:09	1	2	1	0
     1384	2026-03-15 12:01:13	1	2	1	0
    18611	2026-03-15 12:01:31	1	2	1	0
    18611	2026-03-15 12:01:33	1	2	1	0
    32171	2026-03-15 12:01:42	1	2	1	0
    32171	2026-03-15 12:01:45	1	2	1	0
    32171	2026-03-15 12:01:48	1	2	1	0
     5437	2026-03-15 12:02:00	1	2	1	0
     5437	2026-03-15 12:02:04	1	2	1	0
      246	2026-03-15 12:02:09	1	2	1	0
     4948	2026-03-15 12:02:14	1	2	1	0
     4948	2026-03-15 12:02:16	1	2	1	0
    41837	2026-03-15 12:04:40	1	2	1	0
    31520	2026-03-15 12:07:18	1	2	1	0
    31520	2026-03-15 12:07:22	1	2	1	0
      283	2026-03-15 12:09:27	1	2	1	0
      283	2026-03-15 12:09:45	1	2	1	0
     4207	2026-03-15 12:09:51	1	2	1	0
     4207	2026-03-15 12:09:54	1	2	1	0
    36963	2026-03-15 12:12:53	1	2	1	0
    36963	2026-03-15 12:12:57	1	2	1	0
     2640	2026-03-15 12:28:00	1	2	1	0
     2640	2026-03-15 12:28:02	1	2	1	0
    18611	2026-03-15 12:31:19	1	3	1	0
    18611	2026-03-15 12:31:22	1	3	1	0
    32171	2026-03-15 12:31:32	1	3	1	0
    32171	2026-03-15 12:31:35	1	3	1	0
    32171	2026-03-15 12:31:43	1	3	1	0
     4207	2026-03-15 12:40:02	1	3	1	0
     4207	2026-03-15 12:40:05	1	3	1	0
     4207	2026-03-15 12:40:09	1	3	1	0
     5470	2026-03-15 12:49:10	1	3	1	0
    36963	2026-03-15 12:49:18	1	3	1	0
    36963	2026-03-15 12:49:21	1	3	1	0
    34197	2026-03-15 16:43:54	1	3	1	0
    34197	2026-03-15 16:43:56	1	3	1	0
     4273	2026-03-15 17:01:03	1	1	1	0
     4273	2026-03-15 17:01:05	1	1	1	0
    18611	2026-03-15 17:01:20	1	1	1	0
    18611	2026-03-15 17:01:22	1	1	1	0
    32171	2026-03-15 17:01:41	1	1	1	0
    32171	2026-03-15 17:01:45	1	1	1	0
    32171	2026-03-15 17:01:48	1	1	1	0
     3443	2026-03-15 17:04:06	1	1	1	0
     5437	2026-03-15 17:05:19	1	1	1	0
     5437	2026-03-15 17:05:22	1	1	1	0
     1384	2026-03-15 17:15:17	1	1	1	0
     8809	2026-03-15 17:23:12	1	1	1	0
     8809	2026-03-15 17:23:16	1	1	1	0
     4207	2026-03-15 17:23:23	1	1	1	0
     4207	2026-03-15 17:23:26	1	1	1	0
     4207	2026-03-15 17:23:29	1	1	1	0
     6272	2026-03-15 17:26:24	1	1	1	0
     6272	2026-03-15 17:26:27	1	1	1	0
     2640	2026-03-15 17:38:13	1	1	1	0
     2640	2026-03-15 17:38:15	1	1	1	0
    51894	2026-03-15 18:22:46	1	1	1	0
    36963	2026-03-15 18:44:19	1	1	1	0
    36963	2026-03-15 18:44:22	1	1	1	0
     5329	2026-03-15 18:52:11	1	1	1	0
     5329	2026-03-15 18:52:16	1	1	1	0
    31520	2026-03-15 19:10:46	1	1	1	0
    31520	2026-03-15 19:10:50	1	1	1	0
     4948	2026-03-15 21:34:21	1	1	1	0
     4948	2026-03-15 21:34:23	1	1	1	0
    34197	2026-03-16 01:01:23	1	1	1	0
    34197	2026-03-16 01:01:25	1	1	1	0
      283	2026-03-16 05:36:53	1	0	1	0
      283	2026-03-16 05:36:57	1	0	1	0
      283	2026-03-16 05:37:01	1	0	1	0
    19709	2026-03-16 05:39:32	1	0	1	0
    23327	2026-03-16 06:08:08	1	0	1	0
    23327	2026-03-16 06:08:15	1	0	1	0
    13725	2026-03-16 06:20:59	1	0	1	0
    18611	2026-03-16 06:21:16	1	0	1	0
    18611	2026-03-16 06:21:18	1	0	1	0
      342	2026-03-16 06:26:56	1	0	1	0
      342	2026-03-16 06:26:58	1	0	1	0
    52071	2026-03-16 06:35:34	1	0	1	0
      246	2026-03-16 06:40:01	1	0	1	0
      246	2026-03-16 06:40:04	1	0	1	0
    31520	2026-03-16 06:41:24	1	0	1	0
    31520	2026-03-16 06:41:28	1	0	1	0
    31520	2026-03-16 06:41:32	1	0	1	0
    23781	2026-03-16 06:49:21	1	0	1	0
     4207	2026-03-16 06:49:36	1	0	1	0
     4207	2026-03-16 06:49:40	1	0	1	0
     4207	2026-03-16 06:49:47	1	0	1	0
    53520	2026-03-16 06:53:27	1	0	1	0
    53520	2026-03-16 06:53:29	1	0	1	0
    41778	2026-03-16 07:01:44	1	0	1	0
    41778	2026-03-16 07:01:47	1	0	1	0
    48144	2026-03-16 07:13:12	1	0	1	0
    48144	2026-03-16 07:13:18	1	0	1	0
     4948	2026-03-16 07:18:49	1	0	1	0
     4948	2026-03-16 07:18:52	1	0	1	0
     1384	2026-03-16 07:20:30	1	0	1	0
     1462	2026-03-16 07:37:15	1	0	1	0
    36963	2026-03-16 07:37:34	1	0	1	0
    36963	2026-03-16 07:37:37	1	0	1	0
     8809	2026-03-16 07:37:57	1	0	1	0
     8809	2026-03-16 07:38:01	1	0	1	0
     5570	2026-03-16 07:38:41	1	0	1	0
     6272	2026-03-16 07:42:42	1	0	1	0
     3443	2026-03-16 07:48:16	1	0	1	0
     5470	2026-03-16 07:51:40	1	0	1	0
    41837	2026-03-16 07:51:52	1	0	1	0
    41837	2026-03-16 07:51:55	1	0	1	0
     2640	2026-03-16 07:52:23	1	0	1	0
     2640	2026-03-16 07:52:25	1	0	1	0
    13229	2026-03-16 07:55:34	1	0	1	0
     3583	2026-03-16 07:56:19	1	0	1	0
     3583	2026-03-16 07:56:23	1	0	1	0
    33223	2026-03-16 07:59:52	1	0	1	0
    33223	2026-03-16 07:59:55	1	0	1	0
    51894	2026-03-16 08:07:37	1	0	1	0
    51894	2026-03-16 12:01:22	1	2	1	0
     5470	2026-03-16 12:01:28	1	2	1	0
     5570	2026-03-16 12:01:33	1	2	1	0
     1384	2026-03-16 12:01:38	1	2	1	0
    41778	2026-03-16 12:01:43	1	2	1	0
    52136	2026-03-16 12:01:58	1	2	1	0
    36963	2026-03-16 12:02:22	1	2	1	0
    36963	2026-03-16 12:02:26	1	2	1	0
     4207	2026-03-16 12:02:54	1	2	1	0
     4207	2026-03-16 12:02:57	1	2	1	0
     1462	2026-03-16 12:04:30	1	2	1	0
     7069	2026-03-16 12:05:02	1	2	1	0
    18611	2026-03-16 12:07:50	1	2	1	0
    18611	2026-03-16 12:07:52	1	2	1	0
    48025	2026-03-16 12:07:59	1	2	1	0
     3583	2026-03-16 12:08:48	1	2	1	0
     3583	2026-03-16 12:08:51	1	2	1	0
     4948	2026-03-16 12:09:01	1	2	1	0
     4948	2026-03-16 12:09:03	1	2	1	0
    33223	2026-03-16 12:10:00	1	2	1	0
     2640	2026-03-16 12:11:05	1	2	1	0
     2640	2026-03-16 12:11:07	1	2	1	0
    41837	2026-03-16 12:16:09	1	2	1	0
    41837	2026-03-16 12:16:12	1	2	1	0
     5437	2026-03-16 12:16:16	1	2	1	0
     5437	2026-03-16 12:16:19	1	2	1	0
      283	2026-03-16 12:16:59	1	2	1	0
      283	2026-03-16 12:17:03	1	2	1	0
    18611	2026-03-16 12:33:05	1	3	1	0
    18611	2026-03-16 12:33:08	1	3	1	0
     5470	2026-03-16 12:35:01	1	3	1	0
     7069	2026-03-16 12:35:13	1	3	1	0
     7069	2026-03-16 12:35:15	1	3	1	0
    48025	2026-03-16 12:36:19	1	3	1	0
     4207	2026-03-16 12:37:54	1	3	1	0
     4207	2026-03-16 12:37:57	1	3	1	0
     3583	2026-03-16 12:41:57	1	3	1	0
     3583	2026-03-16 12:42:00	1	3	1	0
    51894	2026-03-16 12:42:09	1	3	1	0
     1384	2026-03-16 12:45:50	1	3	1	0
     5570	2026-03-16 12:48:37	1	3	1	0
     5570	2026-03-16 12:48:42	1	3	1	0
    41837	2026-03-16 12:49:01	1	3	1	0
    41837	2026-03-16 12:49:04	1	3	1	0
     1462	2026-03-16 12:50:04	1	3	1	0
    36963	2026-03-16 12:53:08	1	3	1	0
    36963	2026-03-16 12:53:11	1	3	1	0
    52071	2026-03-16 13:00:43	1	3	1	0
     1003	2026-03-16 13:25:13	1	3	1	0
     1003	2026-03-16 13:25:17	1	3	1	0
    32171	2026-03-16 13:39:47	1	3	1	0
    32171	2026-03-16 13:39:51	1	3	1	0
    32171	2026-03-16 13:39:55	1	3	1	0
     5470	2026-03-16 17:01:23	1	1	1	0
     3583	2026-03-16 17:01:31	1	1	1	0
     5437	2026-03-16 17:01:36	1	1	1	0
     5437	2026-03-16 17:01:41	1	1	1	0
    18611	2026-03-16 17:01:55	1	1	1	0
    18611	2026-03-16 17:01:57	1	1	1	0
     2640	2026-03-16 17:02:02	1	1	1	0
     2640	2026-03-16 17:02:04	1	1	1	0
     5570	2026-03-16 17:02:13	1	1	1	0
     1462	2026-03-16 17:02:27	1	1	1	0
     1384	2026-03-16 17:03:13	1	1	1	0
    41778	2026-03-16 17:04:02	1	1	1	0
    41778	2026-03-16 17:04:05	1	1	1	0
    41837	2026-03-16 17:10:05	1	1	1	0
    41837	2026-03-16 17:10:09	1	1	1	0
    23781	2026-03-16 17:10:46	1	1	1	0
     5329	2026-03-16 17:12:00	1	1	1	0
     5329	2026-03-16 17:12:02	1	1	1	0
     4207	2026-03-16 17:12:19	1	1	1	0
     4207	2026-03-16 17:12:21	1	1	1	0
     4207	2026-03-16 17:12:25	1	1	1	0
     8809	2026-03-16 17:26:20	1	1	1	0
     8809	2026-03-16 17:26:24	1	1	1	0
     6272	2026-03-16 17:27:12	1	1	1	0
     6272	2026-03-16 17:27:26	1	1	1	0
     3443	2026-03-16 17:31:32	1	1	1	0
    52071	2026-03-16 17:42:43	1	1	1	0
      283	2026-03-16 17:47:03	1	1	1	0
      283	2026-03-16 17:47:07	1	1	1	0
      283	2026-03-16 17:47:11	1	1	1	0
      246	2026-03-16 17:53:10	1	1	1	0
      246	2026-03-16 17:53:13	1	1	1	0
     4948	2026-03-16 17:53:48	1	1	1	0
     4948	2026-03-16 17:53:50	1	1	1	0
    51894	2026-03-16 17:59:21	1	1	1	0
    19709	2026-03-16 18:06:47	1	1	1	0
    52136	2026-03-16 18:06:56	1	1	1	0
    52136	2026-03-16 18:06:59	1	1	1	0
    13725	2026-03-16 18:09:45	1	1	1	0
    13229	2026-03-16 18:16:03	1	1	1	0
    33223	2026-03-16 18:43:26	1	1	1	0
    33223	2026-03-16 18:43:28	1	1	1	0
    36963	2026-03-16 19:01:32	1	1	1	0
    36963	2026-03-16 19:01:35	1	1	1	0
    31520	2026-03-16 19:09:06	1	1	1	0
    31520	2026-03-16 19:09:11	1	1	1	0
    32171	2026-03-16 22:01:46	1	1	1	0
    32171	2026-03-16 22:01:49	1	1	1	0
    32171	2026-03-16 22:01:53	1	1	1	0
     1003	2026-03-16 22:02:00	1	1	1	0
     1003	2026-03-16 22:02:04	1	1	1	0
     1537	2026-03-17 05:46:45	1	0	1	0
     1537	2026-03-17 05:46:49	1	0	1	0
    23327	2026-03-17 05:56:47	1	0	1	0
    23327	2026-03-17 05:56:51	1	0	1	0
    12961	2026-03-17 06:07:21	1	0	1	0
    18611	2026-03-17 06:09:50	1	0	1	0
    18611	2026-03-17 06:09:53	1	0	1	0
    13725	2026-03-17 06:38:59	1	0	1	0
     3661	2026-03-17 06:52:34	1	0	1	0
     3661	2026-03-17 06:52:36	1	0	1	0
     4164	2026-03-17 06:54:52	1	0	1	0
    53520	2026-03-17 06:57:43	1	0	1	0
    19709	2026-03-17 06:57:45	1	0	1	0
    41778	2026-03-17 07:00:30	1	0	1	0
    41778	2026-03-17 07:00:34	1	0	1	0
    48144	2026-03-17 07:05:42	1	0	1	0
    48144	2026-03-17 07:05:47	1	0	1	0
    23781	2026-03-17 07:14:38	1	0	1	0
     8809	2026-03-17 07:17:25	1	0	1	0
     8809	2026-03-17 07:17:29	1	0	1	0
     1462	2026-03-17 07:20:45	1	0	1	0
     1384	2026-03-17 07:20:51	1	0	1	0
     5329	2026-03-17 07:28:34	1	0	1	0
     5329	2026-03-17 07:28:37	1	0	1	0
      283	2026-03-17 07:28:47	1	0	1	0
      283	2026-03-17 07:28:51	1	0	1	0
     6272	2026-03-17 07:32:28	1	0	1	0
    31520	2026-03-17 07:34:21	1	0	1	0
    31520	2026-03-17 07:34:25	1	0	1	0
     3443	2026-03-17 07:34:46	1	0	1	0
     3443	2026-03-17 07:35:04	1	0	1	0
     5570	2026-03-17 07:41:16	1	0	1	0
     5570	2026-03-17 07:41:23	1	0	1	0
     5470	2026-03-17 07:45:07	1	0	1	0
     4948	2026-03-17 07:45:21	1	0	1	0
     4948	2026-03-17 07:45:23	1	0	1	0
     5470	2026-03-17 07:49:23	1	0	1	0
    41837	2026-03-17 07:51:04	1	0	1	0
    41837	2026-03-17 07:51:08	1	0	1	0
    13229	2026-03-17 07:52:25	1	0	1	0
     2640	2026-03-17 07:52:30	1	0	1	0
     2640	2026-03-17 07:52:32	1	0	1	0
    36963	2026-03-17 07:52:39	1	0	1	0
    36963	2026-03-17 07:52:43	1	0	1	0
     7069	2026-03-17 07:54:45	1	0	1	0
     5437	2026-03-17 07:54:48	1	0	1	0
     5437	2026-03-17 07:54:53	1	0	1	0
     3583	2026-03-17 07:56:54	1	0	1	0
     3583	2026-03-17 07:56:57	1	0	1	0
    51894	2026-03-17 08:00:47	1	0	1	0
    33223	2026-03-17 08:02:12	1	0	1	0
    52071	2026-03-17 08:02:56	1	0	1	0
    52136	2026-03-17 12:01:52	1	2	1	0
    51894	2026-03-17 12:01:59	1	2	1	0
    52136	2026-03-17 12:02:02	1	2	1	0
    52136	2026-03-17 12:02:04	1	2	1	0
    41778	2026-03-17 12:02:07	1	2	1	0
    19709	2026-03-17 12:02:10	1	2	1	0
     5437	2026-03-17 12:02:14	1	2	1	0
     1384	2026-03-17 12:02:21	1	2	1	0
     5470	2026-03-17 12:02:25	1	2	1	0
    13725	2026-03-17 12:02:28	1	2	1	0
    41837	2026-03-17 12:02:32	1	2	1	0
    41837	2026-03-17 12:02:34	1	2	1	0
    48025	2026-03-17 12:02:38	1	2	1	0
     5570	2026-03-17 12:02:50	1	2	1	0
     2640	2026-03-17 12:02:56	1	2	1	0
     2640	2026-03-17 12:02:58	1	2	1	0
    18611	2026-03-17 12:03:06	1	2	1	0
    18611	2026-03-17 12:03:08	1	2	1	0
      283	2026-03-17 12:03:14	1	2	1	0
      283	2026-03-17 12:03:18	1	2	1	0
     7069	2026-03-17 12:03:24	1	2	1	0
     3583	2026-03-17 12:03:42	1	2	1	0
     1462	2026-03-17 12:03:50	1	2	1	0
    52071	2026-03-17 12:07:01	1	2	1	0
    31520	2026-03-17 12:23:34	1	2	1	0
    31520	2026-03-17 12:23:38	1	2	1	0
    33223	2026-03-17 12:24:34	1	2	1	0
    36963	2026-03-17 12:24:47	1	2	1	0
    36963	2026-03-17 12:24:51	1	2	1	0
    36963	2026-03-17 12:31:11	1	3	1	0
    36963	2026-03-17 12:31:14	1	3	1	0
     7069	2026-03-17 12:31:33	1	3	1	0
    31520	2026-03-17 12:36:07	1	3	1	0
    31520	2026-03-17 12:36:11	1	3	1	0
    51894	2026-03-17 12:38:41	1	3	1	0
    18611	2026-03-17 12:38:57	1	3	1	0
    18611	2026-03-17 12:38:59	1	3	1	0
    13725	2026-03-17 12:46:04	1	3	1	0
     5570	2026-03-17 12:48:24	1	3	1	0
     5470	2026-03-17 12:48:57	1	3	1	0
     1384	2026-03-17 12:49:20	1	3	1	0
     3583	2026-03-17 12:49:29	1	3	1	0
     3583	2026-03-17 12:49:33	1	3	1	0
    52136	2026-03-17 12:51:30	1	3	1	0
    52136	2026-03-17 12:51:32	1	3	1	0
    19709	2026-03-17 12:51:34	1	3	1	0
    41837	2026-03-17 12:51:39	1	3	1	0
    52071	2026-03-17 12:55:07	1	3	1	0
     1003	2026-03-17 13:44:00	1	3	1	0
     1003	2026-03-17 13:44:04	1	3	1	0
     1003	2026-03-17 13:44:07	1	3	1	0
    32171	2026-03-17 13:44:27	1	3	1	0
    32171	2026-03-17 13:44:32	1	3	1	0
    32171	2026-03-17 13:44:35	1	3	1	0
      283	2026-03-17 17:01:18	1	1	1	0
      283	2026-03-17 17:01:22	1	1	1	0
     4948	2026-03-17 17:01:30	1	1	1	0
     4948	2026-03-17 17:01:32	1	1	1	0
     3583	2026-03-17 17:01:54	1	1	1	0
     3583	2026-03-17 17:01:58	1	1	1	0
    18611	2026-03-17 17:02:24	1	1	1	0
     6272	2026-03-17 17:10:29	1	1	1	0
      342	2026-03-17 17:15:05	1	1	1	0
      342	2026-03-17 17:15:07	1	1	1	0
     3443	2026-03-17 17:19:34	1	1	1	0
     5329	2026-03-17 17:21:17	1	1	1	0
     5329	2026-03-17 17:21:19	1	1	1	0
     7069	2026-03-17 17:21:59	1	1	1	0
     4164	2026-03-17 17:28:23	1	1	1	0
    13725	2026-03-17 18:03:33	1	1	1	0
    13229	2026-03-17 18:11:21	1	1	1	0
    19709	2026-03-17 18:15:08	1	1	1	0
     8809	2026-03-17 18:16:09	1	1	1	0
     8809	2026-03-17 18:16:34	1	1	1	0
     8809	2026-03-17 18:16:38	1	1	1	0
    31520	2026-03-17 19:01:08	1	1	1	0
    31520	2026-03-17 19:01:12	1	1	1	0
    23781	2026-03-17 19:02:43	1	1	1	0
     1384	2026-03-17 19:03:51	1	1	1	0
     5570	2026-03-17 19:04:10	1	1	1	0
    41778	2026-03-17 19:04:15	1	1	1	0
    41778	2026-03-17 19:04:18	1	1	1	0
    52136	2026-03-17 19:06:06	1	1	1	0
    52136	2026-03-17 19:06:09	1	1	1	0
    33223	2026-03-17 19:06:16	1	1	1	0
     5470	2026-03-17 19:06:27	1	1	1	0
    51894	2026-03-17 19:06:49	1	1	1	0
    36963	2026-03-17 19:33:39	1	1	1	0
    36963	2026-03-17 19:33:43	1	1	1	0
     5437	2026-03-17 19:34:04	1	1	1	0
     5437	2026-03-17 19:34:07	1	1	1	0
    32171	2026-03-17 22:00:16	1	1	1	0
    32171	2026-03-17 22:00:23	1	1	1	0
    32171	2026-03-17 22:00:27	1	1	1	0
     1003	2026-03-17 22:01:03	1	1	1	0
     1003	2026-03-17 22:01:07	1	1	1	0
    22276	2026-03-18 04:39:15	1	0	1	0
     1537	2026-03-18 05:49:35	1	0	1	0
     1537	2026-03-18 05:49:39	1	0	1	0
    12961	2026-03-18 05:59:15	1	0	1	0
    23327	2026-03-18 06:25:24	1	0	1	0
    23327	2026-03-18 06:25:28	1	0	1	0
    18611	2026-03-18 06:35:41	1	0	1	0
    18611	2026-03-18 06:35:44	1	0	1	0
      342	2026-03-18 06:41:33	1	0	1	0
      342	2026-03-18 06:41:35	1	0	1	0
     3661	2026-03-18 06:53:22	1	0	1	0
     3661	2026-03-18 06:53:36	1	0	1	0
     3661	2026-03-18 06:53:38	1	0	1	0
      246	2026-03-18 06:55:56	1	0	1	0
      246	2026-03-18 06:55:59	1	0	1	0
    41778	2026-03-18 07:00:02	1	0	1	0
    41778	2026-03-18 07:00:04	1	0	1	0
    53520	2026-03-18 07:03:06	1	0	1	0
    53520	2026-03-18 07:03:08	1	0	1	0
     5470	2026-03-18 07:04:50	1	0	1	0
     6272	2026-03-18 07:15:46	1	0	1	0
     5329	2026-03-18 07:17:20	1	0	1	0
     5329	2026-03-18 07:17:28	1	0	1	0
     8809	2026-03-18 07:19:08	1	0	1	0
     8809	2026-03-18 07:19:14	1	0	1	0
     1384	2026-03-18 07:19:53	1	0	1	0
     2640	2026-03-18 07:23:25	1	0	1	0
     2640	2026-03-18 07:23:27	1	0	1	0
      283	2026-03-18 07:27:04	1	0	1	0
      283	2026-03-18 07:27:09	1	0	1	0
      283	2026-03-18 07:27:13	1	0	1	0
     4948	2026-03-18 07:31:19	1	0	1	0
     4948	2026-03-18 07:31:21	1	0	1	0
    52071	2026-03-18 07:35:33	1	0	1	0
    31520	2026-03-18 07:36:17	1	0	1	0
    31520	2026-03-18 07:36:21	1	0	1	0
    51894	2026-03-18 07:42:37	1	0	1	0
     7069	2026-03-18 07:43:03	1	0	1	0
     3443	2026-03-18 07:44:48	1	0	1	0
    41837	2026-03-18 07:46:40	1	0	1	0
    41837	2026-03-18 07:46:42	1	0	1	0
     5570	2026-03-18 07:48:00	1	0	1	0
     4207	2026-03-18 07:52:16	1	0	1	0
     4207	2026-03-18 07:52:20	1	0	1	0
     4207	2026-03-18 07:52:25	1	0	1	0
    13229	2026-03-18 07:55:06	1	0	1	0
     3583	2026-03-18 07:59:09	1	0	1	0
     3583	2026-03-18 07:59:12	1	0	1	0
    33223	2026-03-18 08:02:24	1	0	1	0
    51894	2026-03-18 12:01:27	1	2	1	0
    51894	2026-03-18 12:01:33	1	2	1	0
     1384	2026-03-18 12:01:36	1	2	1	0
    41778	2026-03-18 12:01:41	1	2	1	0
    41778	2026-03-18 12:01:44	1	2	1	0
    48025	2026-03-18 12:01:48	1	2	1	0
    52136	2026-03-18 12:01:52	1	2	1	0
    52136	2026-03-18 12:01:54	1	2	1	0
     5570	2026-03-18 12:01:58	1	2	1	0
    31520	2026-03-18 12:02:03	1	2	1	0
    31520	2026-03-18 12:02:07	1	2	1	0
     7069	2026-03-18 12:02:14	1	2	1	0
     2640	2026-03-18 12:02:16	1	2	1	0
     2640	2026-03-18 12:02:19	1	2	1	0
     4207	2026-03-18 12:02:26	1	2	1	0
     4207	2026-03-18 12:02:30	1	2	1	0
    18611	2026-03-18 12:02:35	1	2	1	0
    18611	2026-03-18 12:02:38	1	2	1	0
     3583	2026-03-18 12:02:44	1	2	1	0
     3583	2026-03-18 12:02:48	1	2	1	0
     1462	2026-03-18 12:04:18	1	2	1	0
    41837	2026-03-18 12:10:55	1	2	1	0
    41837	2026-03-18 12:10:58	1	2	1	0
      283	2026-03-18 12:11:14	1	2	1	0
      283	2026-03-18 12:11:18	1	2	1	0
     5470	2026-03-18 12:11:34	1	2	1	0
    13725	2026-03-18 12:12:22	1	2	1	0
    18611	2026-03-18 12:31:25	1	3	1	0
    18611	2026-03-18 12:31:28	1	3	1	0
     5470	2026-03-18 12:31:57	1	3	1	0
    51894	2026-03-18 12:39:07	1	3	1	0
     7069	2026-03-18 12:39:26	1	3	1	0
    36963	2026-03-18 12:40:51	1	3	1	0
    36963	2026-03-18 12:40:54	1	3	1	0
    13725	2026-03-18 12:42:01	1	3	1	0
     3583	2026-03-18 12:44:13	1	3	1	0
     3583	2026-03-18 12:44:17	1	3	1	0
    41837	2026-03-18 12:45:21	1	3	1	0
    41837	2026-03-18 12:45:23	1	3	1	0
     4207	2026-03-18 12:49:36	1	3	1	0
     4207	2026-03-18 12:49:42	1	3	1	0
     4207	2026-03-18 12:49:46	1	3	1	0
     5570	2026-03-18 12:50:35	1	3	1	0
    52136	2026-03-18 12:56:24	1	3	1	0
    52136	2026-03-18 12:56:26	1	3	1	0
    52136	2026-03-18 12:56:29	1	3	1	0
     1003	2026-03-18 13:41:12	1	3	1	0
     1003	2026-03-18 13:41:16	1	3	1	0
     1003	2026-03-18 13:41:20	1	3	1	0
    32171	2026-03-18 13:49:50	1	3	1	0
    32171	2026-03-18 13:49:54	1	3	1	0
    32171	2026-03-18 13:49:57	1	3	1	0
     3583	2026-03-18 17:03:02	1	1	1	0
     3583	2026-03-18 17:03:05	1	1	1	0
     3443	2026-03-18 17:07:10	1	1	1	0
    18611	2026-03-18 17:10:50	1	1	1	0
    18611	2026-03-18 17:10:52	1	1	1	0
     6272	2026-03-18 17:18:21	1	1	1	0
     6272	2026-03-18 17:18:25	1	1	1	0
     4207	2026-03-18 17:20:23	1	1	1	0
     4207	2026-03-18 17:20:27	1	1	1	0
     4207	2026-03-18 17:20:31	1	1	1	0
     1384	2026-03-18 17:25:51	1	1	1	0
     5470	2026-03-18 17:25:53	1	1	1	0
      246	2026-03-18 17:35:37	1	1	1	0
      246	2026-03-18 17:35:41	1	1	1	0
      283	2026-03-18 17:37:33	1	1	1	0
      283	2026-03-18 17:37:37	1	1	1	0
     4948	2026-03-18 17:39:22	1	1	1	0
     4948	2026-03-18 17:39:24	1	1	1	0
     8809	2026-03-18 17:41:33	1	1	1	0
     8809	2026-03-18 17:41:37	1	1	1	0
    51894	2026-03-18 17:53:49	1	1	1	0
    13229	2026-03-18 18:02:19	1	1	1	0
    33223	2026-03-18 18:16:38	1	1	1	0
    33223	2026-03-18 18:16:40	1	1	1	0
    23781	2026-03-18 18:30:35	1	1	1	0
    52071	2026-03-18 18:35:32	1	1	1	0
    52136	2026-03-18 18:36:12	1	1	1	0
    52136	2026-03-18 18:36:15	1	1	1	0
    52071	2026-03-18 18:37:05	1	1	1	0
    41778	2026-03-18 18:38:23	1	1	1	0
    41778	2026-03-18 18:38:26	1	1	1	0
    13725	2026-03-18 18:38:32	1	1	1	0
     5570	2026-03-18 18:39:06	1	1	1	0
     5570	2026-03-18 18:39:14	1	1	1	0
    36963	2026-03-18 19:05:03	1	1	1	0
    19709	2026-03-18 19:05:06	1	1	1	0
    31520	2026-03-18 19:18:32	1	1	1	0
    31520	2026-03-18 19:18:36	1	1	1	0
    32171	2026-03-18 22:00:27	1	1	1	0
    32171	2026-03-18 22:00:31	1	1	1	0
    32171	2026-03-18 22:00:35	1	1	1	0
     1003	2026-03-18 22:01:02	1	1	1	0
     1003	2026-03-18 22:01:06	1	1	1	0
     1003	2026-03-18 22:01:10	1	1	1	0
    22276	2026-03-19 04:43:46	1	0	1	0
    18611	2026-03-19 06:16:16	1	0	1	0
    18611	2026-03-19 06:16:19	1	0	1	0
    23327	2026-03-19 06:17:28	1	0	1	0
    23327	2026-03-19 06:17:32	1	0	1	0
    52136	2026-03-19 06:17:39	1	0	1	0
    52136	2026-03-19 06:17:42	1	0	1	0
    52136	2026-03-19 06:17:44	1	0	1	0
    52136	2026-03-19 06:17:47	1	0	1	0
     5437	2026-03-19 06:38:17	1	0	1	0
     5437	2026-03-19 06:38:19	1	0	1	0
    13725	2026-03-19 06:40:48	1	0	1	0
    19709	2026-03-19 06:51:11	1	0	1	0
    40369	2026-03-19 06:51:14	1	0	1	0
    41778	2026-03-19 07:00:02	1	0	1	0
    41778	2026-03-19 07:00:04	1	0	1	0
    53520	2026-03-19 07:02:43	1	0	1	0
    53520	2026-03-19 07:02:46	1	0	1	0
    48144	2026-03-19 07:03:20	1	0	1	0
    48144	2026-03-19 07:03:24	1	0	1	0
    52071	2026-03-19 07:08:51	1	0	1	0
     5470	2026-03-19 07:10:26	1	0	1	0
     4164	2026-03-19 07:21:12	1	0	1	0
     8809	2026-03-19 07:24:37	1	0	1	0
     8809	2026-03-19 07:24:41	1	0	1	0
     1384	2026-03-19 07:27:05	1	0	1	0
      246	2026-03-19 07:29:41	1	0	1	0
      246	2026-03-19 07:29:45	1	0	1	0
     3661	2026-03-19 07:29:50	1	0	1	0
     3661	2026-03-19 07:29:53	1	0	1	0
      283	2026-03-19 07:30:36	1	0	1	0
      283	2026-03-19 07:30:40	1	0	1	0
     6272	2026-03-19 07:34:25	1	0	1	0
     6272	2026-03-19 07:34:28	1	0	1	0
     5329	2026-03-19 07:37:20	1	0	1	0
     5329	2026-03-19 07:37:23	1	0	1	0
     4273	2026-03-19 07:41:52	1	0	1	0
     4273	2026-03-19 07:41:54	1	0	1	0
     1462	2026-03-19 07:42:00	1	0	1	0
     5570	2026-03-19 07:44:43	1	0	1	0
    31520	2026-03-19 07:44:53	1	0	1	0
    31520	2026-03-19 07:44:57	1	0	1	0
     2640	2026-03-19 07:49:27	1	0	1	0
     2640	2026-03-19 07:49:29	1	0	1	0
     4948	2026-03-19 07:49:53	1	0	1	0
     4948	2026-03-19 07:49:56	1	0	1	0
     7069	2026-03-19 07:50:05	1	0	1	0
     7069	2026-03-19 07:50:07	1	0	1	0
    41837	2026-03-19 07:51:10	1	0	1	0
    51894	2026-03-19 07:52:27	1	0	1	0
     3443	2026-03-19 07:53:34	1	0	1	0
     3443	2026-03-19 07:53:43	1	0	1	0
     4207	2026-03-19 07:55:43	1	0	1	0
     4207	2026-03-19 07:55:47	1	0	1	0
    33223	2026-03-19 07:58:03	1	0	1	0
    36963	2026-03-19 07:59:50	1	0	1	0
    36963	2026-03-19 07:59:55	1	0	1	0
    29987	2026-03-19 08:09:23	1	0	1	0
     1384	2026-03-19 12:01:14	1	2	1	0
    51894	2026-03-19 12:01:19	1	2	1	0
    13725	2026-03-19 12:01:23	1	2	1	0
    48025	2026-03-19 12:01:27	1	2	1	0
    29987	2026-03-19 12:01:31	1	2	1	0
     5570	2026-03-19 12:01:36	1	2	1	0
    36963	2026-03-19 12:02:03	1	2	1	0
    36963	2026-03-19 12:02:07	1	2	1	0
    31520	2026-03-19 12:02:25	1	2	1	0
    31520	2026-03-19 12:02:29	1	2	1	0
     5470	2026-03-19 12:02:37	1	2	1	0
     7069	2026-03-19 12:03:52	1	2	1	0
    18611	2026-03-19 12:03:59	1	2	1	0
    18611	2026-03-19 12:04:02	1	2	1	0
     4164	2026-03-19 12:04:45	1	2	1	0
     4207	2026-03-19 12:06:55	1	2	1	0
    19709	2026-03-19 12:06:59	1	2	1	0
    41837	2026-03-19 12:14:43	1	2	1	0
    41837	2026-03-19 12:14:45	1	2	1	0
      283	2026-03-19 12:16:11	1	2	1	0
      283	2026-03-19 12:16:15	1	2	1	0
    41778	2026-03-19 12:19:48	1	2	1	0
    41778	2026-03-19 12:19:51	1	2	1	0
     2640	2026-03-19 12:25:50	1	2	1	0
     2640	2026-03-19 12:25:52	1	2	1	0
     4273	2026-03-19 12:31:46	1	3	1	0
     7069	2026-03-19 12:32:39	1	3	1	0
     4207	2026-03-19 12:32:45	1	3	1	0
     4207	2026-03-19 12:32:48	1	3	1	0
    18611	2026-03-19 12:33:47	1	3	1	0
    18611	2026-03-19 12:33:50	1	3	1	0
    51894	2026-03-19 12:37:16	1	3	1	0
    13725	2026-03-19 12:39:58	1	3	1	0
    41778	2026-03-19 12:40:24	1	3	1	0
    41778	2026-03-19 12:40:27	1	3	1	0
    36963	2026-03-19 12:45:44	1	3	1	0
    36963	2026-03-19 12:45:47	1	3	1	0
     5470	2026-03-19 12:45:51	1	3	1	0
     5470	2026-03-19 12:45:54	1	3	1	0
     1384	2026-03-19 12:46:07	1	3	1	0
    48025	2026-03-19 12:49:04	1	3	1	0
    23781	2026-03-19 12:50:02	1	3	1	0
    29987	2026-03-19 12:51:11	1	3	1	0
     5570	2026-03-19 12:54:01	1	3	1	0
    19709	2026-03-19 12:58:09	1	3	1	0
    40369	2026-03-19 12:58:14	1	3	1	0
     1003	2026-03-19 13:37:38	1	3	1	0
     1003	2026-03-19 13:37:42	1	3	1	0
    32171	2026-03-19 13:42:53	1	3	1	0
    32171	2026-03-19 13:42:58	1	3	1	0
    32171	2026-03-19 13:43:02	1	3	1	0
    23781	2026-03-19 17:01:16	1	1	1	0
     1384	2026-03-19 17:01:20	1	1	1	0
    18611	2026-03-19 17:01:46	1	1	1	0
    18611	2026-03-19 17:01:48	1	1	1	0
     5570	2026-03-19 17:02:03	1	1	1	0
    51894	2026-03-19 17:02:20	1	1	1	0
     5470	2026-03-19 17:02:34	1	1	1	0
     4207	2026-03-19 17:05:56	1	1	1	0
     4207	2026-03-19 17:06:00	1	1	1	0
    41837	2026-03-19 17:08:02	1	1	1	0
    41837	2026-03-19 17:08:04	1	1	1	0
     1462	2026-03-19 17:09:52	1	1	1	0
      246	2026-03-19 17:10:36	1	1	1	0
      246	2026-03-19 17:10:39	1	1	1	0
     5329	2026-03-19 17:11:44	1	1	1	0
     5329	2026-03-19 17:11:46	1	1	1	0
     2640	2026-03-19 17:11:50	1	1	1	0
     2640	2026-03-19 17:11:52	1	1	1	0
      283	2026-03-19 17:12:03	1	1	1	0
      283	2026-03-19 17:12:08	1	1	1	0
    41778	2026-03-19 17:12:21	1	1	1	0
    41778	2026-03-19 17:12:24	1	1	1	0
     3443	2026-03-19 17:13:17	1	1	1	0
     3443	2026-03-19 17:13:41	1	1	1	0
     6272	2026-03-19 17:26:29	1	1	1	0
     8809	2026-03-19 17:55:47	1	1	1	0
     8809	2026-03-19 17:56:00	1	1	1	0
    52071	2026-03-19 17:56:05	1	1	1	0
    13725	2026-03-19 18:08:50	1	1	1	0
    19709	2026-03-19 18:11:52	1	1	1	0
    29987	2026-03-19 18:18:22	1	1	1	0
     4164	2026-03-19 18:20:05	1	1	1	0
    33223	2026-03-19 18:45:18	1	1	1	0
     5437	2026-03-19 18:48:27	1	1	1	0
     5437	2026-03-19 18:48:31	1	1	1	0
    36963	2026-03-19 19:00:30	1	1	1	0
    36963	2026-03-19 19:00:33	1	1	1	0
     4948	2026-03-19 19:05:36	1	1	1	0
     4948	2026-03-19 19:05:38	1	1	1	0
    31520	2026-03-19 19:17:55	1	1	1	0
    31520	2026-03-19 19:17:58	1	1	1	0
    52136	2026-03-19 21:24:56	1	1	1	0
    52136	2026-03-19 21:24:58	1	1	1	0
    32171	2026-03-19 21:47:00	1	1	1	0
    32171	2026-03-19 21:47:10	1	1	1	0
    32171	2026-03-19 21:47:15	1	1	1	0
     1003	2026-03-19 22:01:40	1	1	1	0
     1003	2026-03-19 22:01:44	1	1	1	0
     1003	2026-03-19 22:01:48	1	1	1	0
    22276	2026-03-20 04:54:05	1	0	1	0
      246	2026-03-20 05:40:16	1	0	1	0
      246	2026-03-20 05:40:19	1	0	1	0
     1537	2026-03-20 05:49:16	1	0	1	0
     1537	2026-03-20 05:49:20	1	0	1	0
    12961	2026-03-20 06:03:42	1	0	1	0
    18611	2026-03-20 06:16:25	1	0	1	0
    18611	2026-03-20 06:16:28	1	0	1	0
      342	2026-03-20 06:21:51	1	0	1	0
      342	2026-03-20 06:21:53	1	0	1	0
     1384	2026-03-20 07:10:55	1	0	1	0
    52071	2026-03-20 07:11:41	1	0	1	0
     8809	2026-03-20 07:13:12	1	0	1	0
     8809	2026-03-20 07:13:17	1	0	1	0
     5329	2026-03-20 07:19:21	1	0	1	0
     5329	2026-03-20 07:19:24	1	0	1	0
     6272	2026-03-20 07:27:31	1	0	1	0
     6272	2026-03-20 07:27:37	1	0	1	0
    41778	2026-03-20 07:31:08	1	0	1	0
    41778	2026-03-20 07:31:10	1	0	1	0
      283	2026-03-20 07:33:29	1	0	1	0
      283	2026-03-20 07:33:32	1	0	1	0
      283	2026-03-20 07:33:37	1	0	1	0
     4948	2026-03-20 07:34:28	1	0	1	0
     4948	2026-03-20 07:34:30	1	0	1	0
    31520	2026-03-20 07:38:16	1	0	1	0
    31520	2026-03-20 07:38:20	1	0	1	0
     5437	2026-03-20 07:40:53	1	0	1	0
     5437	2026-03-20 07:40:56	1	0	1	0
     5570	2026-03-20 07:41:07	1	0	1	0
     4273	2026-03-20 07:41:31	1	0	1	0
     4273	2026-03-20 07:41:34	1	0	1	0
     7069	2026-03-20 07:42:08	1	0	1	0
     5470	2026-03-20 07:43:41	1	0	1	0
     1462	2026-03-20 07:44:55	1	0	1	0
     3443	2026-03-20 07:46:10	1	0	1	0
     3443	2026-03-20 07:46:22	1	0	1	0
     3661	2026-03-20 07:46:39	1	0	1	0
     3661	2026-03-20 07:46:41	1	0	1	0
    41837	2026-03-20 07:53:13	1	0	1	0
    41837	2026-03-20 07:53:16	1	0	1	0
     4207	2026-03-20 07:53:59	1	0	1	0
     4207	2026-03-20 07:54:02	1	0	1	0
    51894	2026-03-20 07:55:41	1	0	1	0
    13229	2026-03-20 07:56:07	1	0	1	0
     3583	2026-03-20 07:57:16	1	0	1	0
     3583	2026-03-20 07:57:20	1	0	1	0
    36963	2026-03-20 08:02:16	1	0	1	0
    36963	2026-03-20 08:02:20	1	0	1	0
    33223	2026-03-20 08:03:10	1	0	1	0
    51894	2026-03-20 12:00:45	1	2	1	0
    51894	2026-03-20 12:00:51	1	2	1	0
    41837	2026-03-20 12:00:54	1	2	1	0
    41837	2026-03-20 12:00:57	1	2	1	0
     5570	2026-03-20 12:01:14	1	2	1	0
    18611	2026-03-20 12:01:28	1	2	1	0
    18611	2026-03-20 12:01:30	1	2	1	0
    41778	2026-03-20 12:01:39	1	2	1	0
    41778	2026-03-20 12:01:42	1	2	1	0
     7069	2026-03-20 12:02:08	1	2	1	0
     5470	2026-03-20 12:02:27	1	2	1	0
     4207	2026-03-20 12:02:31	1	2	1	0
     4207	2026-03-20 12:02:34	1	2	1	0
     3583	2026-03-20 12:03:45	1	2	1	0
     3583	2026-03-20 12:03:49	1	2	1	0
     4948	2026-03-20 12:07:05	1	2	1	0
     4948	2026-03-20 12:07:07	1	2	1	0
    33223	2026-03-20 12:08:52	1	2	1	0
      283	2026-03-20 12:14:34	1	2	1	0
      283	2026-03-20 12:14:37	1	2	1	0
    31520	2026-03-20 12:16:04	1	2	1	0
    31520	2026-03-20 12:16:08	1	2	1	0
    36963	2026-03-20 12:18:03	1	2	1	0
    36963	2026-03-20 12:18:07	1	2	1	0
     1384	2026-03-20 12:19:08	1	2	1	0
    36963	2026-03-20 12:31:08	1	3	1	0
    36963	2026-03-20 12:31:11	1	3	1	0
    18611	2026-03-20 12:33:41	1	3	1	0
    18611	2026-03-20 12:33:44	1	3	1	0
    22276	2026-03-20 12:34:53	1	3	1	0
    31520	2026-03-20 12:35:18	1	3	1	0
    31520	2026-03-20 12:35:26	1	3	1	0
    31520	2026-03-20 12:35:31	1	3	1	0
     1384	2026-03-20 12:37:51	1	3	1	0
     7069	2026-03-20 12:39:37	1	3	1	0
     3583	2026-03-20 12:42:50	1	3	1	0
     3583	2026-03-20 12:42:54	1	3	1	0
    41778	2026-03-20 12:48:58	1	3	1	0
    41778	2026-03-20 12:49:00	1	3	1	0
    23781	2026-03-20 12:49:49	1	3	1	0
     5570	2026-03-20 12:53:13	1	3	1	0
     5470	2026-03-20 12:54:29	1	3	1	0
     1003	2026-03-20 13:19:05	1	3	1	0
     1003	2026-03-20 13:19:08	1	3	1	0
     1003	2026-03-20 13:19:13	1	3	1	0
     5329	2026-03-20 17:01:23	1	1	1	0
    51894	2026-03-20 17:01:31	1	1	1	0
    41837	2026-03-20 17:01:35	1	1	1	0
    41837	2026-03-20 17:01:37	1	1	1	0
     3583	2026-03-20 17:01:41	1	1	1	0
     3583	2026-03-20 17:01:44	1	1	1	0
     5470	2026-03-20 17:01:48	1	1	1	0
     4207	2026-03-20 17:01:51	1	1	1	0
     5570	2026-03-20 17:01:56	1	1	1	0
      246	2026-03-20 17:02:01	1	1	1	0
      246	2026-03-20 17:02:05	1	1	1	0
      283	2026-03-20 17:02:10	1	1	1	0
      283	2026-03-20 17:02:15	1	1	1	0
     5437	2026-03-20 17:02:21	1	1	1	0
     5437	2026-03-20 17:02:25	1	1	1	0
     4948	2026-03-20 17:02:31	1	1	1	0
     4948	2026-03-20 17:02:33	1	1	1	0
    18611	2026-03-20 17:02:38	1	1	1	0
    18611	2026-03-20 17:02:40	1	1	1	0
     1462	2026-03-20 17:03:39	1	1	1	0
    13229	2026-03-20 17:04:52	1	1	1	0
      342	2026-03-20 17:06:44	1	1	1	0
      342	2026-03-20 17:06:46	1	1	1	0
     6272	2026-03-20 17:14:29	1	1	1	0
     6272	2026-03-20 17:14:32	1	1	1	0
     3443	2026-03-20 17:16:53	1	1	1	0
     3443	2026-03-20 17:17:00	1	1	1	0
    52071	2026-03-20 17:18:50	1	1	1	0
     1384	2026-03-20 17:22:42	1	1	1	0
     8809	2026-03-20 17:29:08	1	1	1	0
     8809	2026-03-20 17:29:12	1	1	1	0
    31520	2026-03-20 19:00:14	1	1	1	0
    31520	2026-03-20 19:00:18	1	1	1	0
    31520	2026-03-20 19:00:22	1	1	1	0
    33223	2026-03-20 19:05:15	1	1	1	0
     1003	2026-03-20 22:03:08	1	1	1	0
     1003	2026-03-20 22:03:12	1	1	1	0
     1003	2026-03-20 22:03:16	1	1	1	0
    22276	2026-03-21 04:53:59	1	0	1	0
     1537	2026-03-21 05:56:22	1	0	1	0
     1537	2026-03-21 05:56:26	1	0	1	0
      342	2026-03-21 06:18:03	1	0	1	0
      342	2026-03-21 06:18:05	1	0	1	0
    13229	2026-03-21 06:40:51	1	0	1	0
    52071	2026-03-21 07:02:48	1	0	1	0
     3661	2026-03-21 07:05:21	1	0	1	0
     3661	2026-03-21 07:05:24	1	0	1	0
      246	2026-03-21 07:17:25	1	0	1	0
      246	2026-03-21 07:17:30	1	0	1	0
     5329	2026-03-21 07:27:35	1	0	1	0
     5329	2026-03-21 07:27:38	1	0	1	0
     4207	2026-03-21 07:35:12	1	0	1	0
     4207	2026-03-21 07:35:15	1	0	1	0
     4207	2026-03-21 07:35:19	1	0	1	0
     4948	2026-03-21 07:39:03	1	0	1	0
     4948	2026-03-21 07:39:05	1	0	1	0
    41778	2026-03-21 07:44:29	1	0	1	0
    41778	2026-03-21 07:44:31	1	0	1	0
     5570	2026-03-21 07:45:39	1	0	1	0
     5570	2026-03-21 07:45:45	1	0	1	0
     7069	2026-03-21 07:46:52	1	0	1	0
     7069	2026-03-21 07:46:54	1	0	1	0
     1003	2026-03-21 07:50:50	1	0	1	0
     1003	2026-03-21 07:50:54	1	0	1	0
     1003	2026-03-21 07:50:57	1	0	1	0
    31520	2026-03-21 07:52:23	1	0	1	0
    31520	2026-03-21 07:52:35	1	0	1	0
     1462	2026-03-21 07:54:50	1	0	1	0
     4273	2026-03-21 07:56:52	1	0	1	0
     4273	2026-03-21 07:57:02	1	0	1	0
     3583	2026-03-21 07:57:30	1	0	1	0
     3583	2026-03-21 07:57:34	1	0	1	0
    36963	2026-03-21 08:00:58	1	0	1	0
     5437	2026-03-21 08:01:23	1	0	1	0
     5437	2026-03-21 08:01:27	1	0	1	0
     2640	2026-03-21 08:08:59	1	0	1	0
     2640	2026-03-21 08:09:02	1	0	1	0
    33223	2026-03-21 08:19:21	1	0	1	0
     7069	2026-03-21 12:01:17	1	2	1	0
     7069	2026-03-21 12:01:25	1	2	1	0
     4948	2026-03-21 12:01:29	1	2	1	0
     4948	2026-03-21 12:01:31	1	2	1	0
     4207	2026-03-21 12:01:35	1	2	1	0
     4207	2026-03-21 12:01:38	1	2	1	0
     3583	2026-03-21 12:01:49	1	2	1	0
     5570	2026-03-21 12:01:59	1	2	1	0
     1462	2026-03-21 12:02:10	1	2	1	0
     5329	2026-03-21 12:03:37	1	2	1	0
     5329	2026-03-21 12:03:39	1	2	1	0
     1003	2026-03-21 12:09:52	1	2	1	0
     1003	2026-03-21 12:09:55	1	2	1	0
     5437	2026-03-21 12:18:35	1	2	1	0
     5437	2026-03-21 12:18:39	1	2	1	0
    41778	2026-03-21 12:19:58	1	2	1	0
    41778	2026-03-21 12:20:03	1	2	1	0
    36963	2026-03-21 12:22:07	1	2	1	0
    36963	2026-03-21 12:22:11	1	2	1	0
     5329	2026-03-21 12:32:09	1	3	1	0
     5329	2026-03-21 12:32:11	1	3	1	0
    36963	2026-03-21 12:32:18	1	3	1	0
    36963	2026-03-21 12:32:26	1	3	1	0
     4207	2026-03-21 12:32:30	1	3	1	0
     4207	2026-03-21 12:32:33	1	3	1	0
    41778	2026-03-21 12:37:48	1	3	1	0
    41778	2026-03-21 12:37:50	1	3	1	0
     1003	2026-03-21 12:38:26	1	3	1	0
     1003	2026-03-21 12:38:30	1	3	1	0
     1003	2026-03-21 12:38:34	1	3	1	0
     7069	2026-03-21 12:40:11	1	3	1	0
     3583	2026-03-21 12:47:06	1	3	1	0
     3583	2026-03-21 12:47:09	1	3	1	0
    23781	2026-03-21 12:51:08	1	3	1	0
     5570	2026-03-21 12:51:45	1	3	1	0
    32171	2026-03-21 13:41:12	1	3	1	0
    32171	2026-03-21 13:41:16	1	3	1	0
    32171	2026-03-21 13:41:20	1	3	1	0
     1003	2026-03-21 17:01:50	1	1	1	0
     1003	2026-03-21 17:01:53	1	1	1	0
     1003	2026-03-21 17:01:59	1	1	1	0
    23781	2026-03-21 17:02:42	1	1	1	0
     1462	2026-03-21 17:09:49	1	1	1	0
     5437	2026-03-21 17:09:56	1	1	1	0
     3583	2026-03-21 17:10:14	1	1	1	0
     3583	2026-03-21 17:10:18	1	1	1	0
    33223	2026-03-21 17:11:22	1	1	1	0
    33223	2026-03-21 17:11:25	1	1	1	0
     2640	2026-03-21 17:14:29	1	1	1	0
     2640	2026-03-21 17:14:31	1	1	1	0
     5570	2026-03-21 17:18:06	1	1	1	0
     4948	2026-03-21 17:21:56	1	1	1	0
     4948	2026-03-21 17:21:58	1	1	1	0
     5329	2026-03-21 17:36:37	1	1	1	0
     5329	2026-03-21 17:36:39	1	1	1	0
      246	2026-03-21 17:39:57	1	1	1	0
      246	2026-03-21 17:40:02	1	1	1	0
     4207	2026-03-21 17:42:03	1	1	1	0
     4207	2026-03-21 17:42:06	1	1	1	0
    13229	2026-03-21 17:54:07	1	1	1	0
    41778	2026-03-21 17:56:46	1	1	1	0
    41778	2026-03-21 17:56:48	1	1	1	0
    52071	2026-03-21 19:04:45	1	1	1	0
     4273	2026-03-21 19:13:43	1	1	1	0
     4273	2026-03-21 19:13:45	1	1	1	0
    31520	2026-03-21 19:13:51	1	1	1	0
    31520	2026-03-21 19:13:55	1	1	1	0
     7069	2026-03-21 21:12:42	1	1	1	0
    32171	2026-03-21 22:00:48	1	1	1	0
    32171	2026-03-21 22:00:52	1	1	1	0
    32171	2026-03-21 22:00:56	1	1	1	0
    22276	2026-03-22 04:52:57	1	0	1	0
     1537	2026-03-22 05:39:55	1	0	1	0
     1537	2026-03-22 05:39:58	1	0	1	0
      246	2026-03-22 05:55:22	1	0	1	0
      246	2026-03-22 05:55:25	1	0	1	0
    18611	2026-03-22 06:19:46	1	0	1	0
    18611	2026-03-22 06:19:49	1	0	1	0
    32171	2026-03-22 06:39:23	1	0	1	0
    32171	2026-03-22 06:39:26	1	0	1	0
    32171	2026-03-22 06:39:31	1	0	1	0
     8809	2026-03-22 07:03:03	1	0	1	0
     8809	2026-03-22 07:03:07	1	0	1	0
     1384	2026-03-22 07:11:45	1	0	1	0
     6272	2026-03-22 07:26:01	1	0	1	0
     6272	2026-03-22 07:26:09	1	0	1	0
    41837	2026-03-22 07:38:22	1	0	1	0
    41837	2026-03-22 07:38:25	1	0	1	0
     5470	2026-03-22 07:45:03	1	0	1	0
     3443	2026-03-22 07:47:24	1	0	1	0
     3443	2026-03-22 07:47:28	1	0	1	0
     5437	2026-03-22 07:50:22	1	0	1	0
     5437	2026-03-22 07:50:25	1	0	1	0
     4273	2026-03-22 07:50:37	1	0	1	0
     4273	2026-03-22 07:50:39	1	0	1	0
     2640	2026-03-22 07:52:51	1	0	1	0
     2640	2026-03-22 07:52:53	1	0	1	0
    51894	2026-03-22 07:55:06	1	0	1	0
     1384	2026-03-22 12:01:21	1	2	1	0
     5470	2026-03-22 12:01:48	1	2	1	0
    51894	2026-03-22 12:01:53	1	2	1	0
    32171	2026-03-22 12:03:10	1	2	1	0
    32171	2026-03-22 12:03:14	1	2	1	0
    32171	2026-03-22 12:03:18	1	2	1	0
    18611	2026-03-22 12:03:26	1	2	1	0
    18611	2026-03-22 12:03:28	1	2	1	0
    41837	2026-03-22 12:09:27	1	2	1	0
    41837	2026-03-22 12:09:29	1	2	1	0
     2640	2026-03-22 12:11:12	1	2	1	0
     2640	2026-03-22 12:11:14	1	2	1	0
     4273	2026-03-22 12:22:41	1	2	1	0
     4273	2026-03-22 12:22:43	1	2	1	0
    51894	2026-03-22 12:37:22	1	3	1	0
    32171	2026-03-22 12:38:18	1	3	1	0
    32171	2026-03-22 12:38:21	1	3	1	0
    32171	2026-03-22 12:38:26	1	3	1	0
    18611	2026-03-22 12:42:52	1	3	1	0
    18611	2026-03-22 12:42:55	1	3	1	0
     1384	2026-03-22 17:01:03	1	1	1	0
    18611	2026-03-22 17:01:14	1	1	1	0
    18611	2026-03-22 17:01:17	1	1	1	0
     5470	2026-03-22 17:02:02	1	1	1	0
    32171	2026-03-22 17:04:14	1	1	1	0
    32171	2026-03-22 17:04:17	1	1	1	0
    32171	2026-03-22 17:04:22	1	1	1	0
     8809	2026-03-22 17:14:40	1	1	1	0
     8809	2026-03-22 17:14:44	1	1	1	0
     8809	2026-03-22 17:14:48	1	1	1	0
     3443	2026-03-22 17:18:12	1	1	1	0
     3443	2026-03-22 17:18:18	1	1	1	0
      246	2026-03-22 17:19:35	1	1	1	0
      246	2026-03-22 17:19:38	1	1	1	0
     4273	2026-03-22 17:20:23	1	1	1	0
     4273	2026-03-22 17:20:25	1	1	1	0
     6272	2026-03-22 17:20:54	1	1	1	0
     2640	2026-03-22 17:35:47	1	1	1	0
     2640	2026-03-22 17:35:49	1	1	1	0
    41837	2026-03-22 17:41:34	1	1	1	0
    41837	2026-03-22 17:41:36	1	1	1	0
     5437	2026-03-22 17:55:52	1	1	1	0
     5437	2026-03-22 17:55:54	1	1	1	0
    51894	2026-03-22 17:56:32	1	1	1	0
    22276	2026-03-23 04:50:32	1	0	1	0
    52136	2026-03-23 05:49:11	1	0	1	0
    52136	2026-03-23 05:49:14	1	0	1	0
    12961	2026-03-23 05:50:33	1	0	1	0
     1537	2026-03-23 05:53:27	1	0	1	0
     1537	2026-03-23 05:53:31	1	0	1	0
    29987	2026-03-23 06:06:23	1	0	1	0
    18611	2026-03-23 06:24:25	1	0	1	0
    18611	2026-03-23 06:24:27	1	0	1	0
     4948	2026-03-23 06:28:17	1	0	1	0
     4948	2026-03-23 06:28:19	1	0	1	0
    23327	2026-03-23 06:28:47	1	0	1	0
    23327	2026-03-23 06:28:51	1	0	1	0
      283	2026-03-23 06:33:45	1	0	1	0
    19709	2026-03-23 06:33:49	1	0	1	0
      246	2026-03-23 06:34:48	1	0	1	0
      246	2026-03-23 06:34:51	1	0	1	0
    31520	2026-03-23 06:38:37	1	0	1	0
    40369	2026-03-23 06:38:41	1	0	1	0
    53520	2026-03-23 06:50:43	1	0	1	0
    53520	2026-03-23 06:50:46	1	0	1	0
    13725	2026-03-23 06:59:42	1	0	1	0
    52071	2026-03-23 07:01:53	1	0	1	0
     3661	2026-03-23 07:14:55	1	0	1	0
     3661	2026-03-23 07:14:57	1	0	1	0
     8809	2026-03-23 07:17:05	1	0	1	0
    36963	2026-03-23 07:17:13	1	0	1	0
    36963	2026-03-23 07:17:17	1	0	1	0
     8809	2026-03-23 07:17:27	1	0	1	0
     8809	2026-03-23 07:17:31	1	0	1	0
     2640	2026-03-23 07:18:00	1	0	1	0
     2640	2026-03-23 07:18:02	1	0	1	0
    48144	2026-03-23 07:19:48	1	0	1	0
    48144	2026-03-23 07:19:53	1	0	1	0
     1384	2026-03-23 07:20:28	1	0	1	0
    51894	2026-03-23 07:26:54	1	0	1	0
     5470	2026-03-23 07:27:04	1	0	1	0
     5329	2026-03-23 07:31:01	1	0	1	0
     5329	2026-03-23 07:31:03	1	0	1	0
     5329	2026-03-23 07:31:05	1	0	1	0
     6272	2026-03-23 07:37:14	1	0	1	0
     4207	2026-03-23 07:39:13	1	0	1	0
     4207	2026-03-23 07:39:17	1	0	1	0
     4207	2026-03-23 07:39:20	1	0	1	0
     7069	2026-03-23 07:40:55	1	0	1	0
     5570	2026-03-23 07:42:46	1	0	1	0
    13229	2026-03-23 07:44:34	1	0	1	0
     3583	2026-03-23 07:45:10	1	0	1	0
     3583	2026-03-23 07:45:14	1	0	1	0
     3443	2026-03-23 07:46:10	1	0	1	0
     3443	2026-03-23 07:46:17	1	0	1	0
    41778	2026-03-23 07:48:50	1	0	1	0
    41778	2026-03-23 07:48:52	1	0	1	0
    41837	2026-03-23 07:55:52	1	0	1	0
    41837	2026-03-23 07:55:54	1	0	1	0
    33223	2026-03-23 08:05:38	1	0	1	0
     7069	2026-03-23 12:01:23	1	2	1	0
     2640	2026-03-23 12:01:30	1	2	1	0
     2640	2026-03-23 12:01:32	1	2	1	0
    51894	2026-03-23 12:01:38	1	2	1	0
     4164	2026-03-23 12:01:48	1	2	1	0
    48025	2026-03-23 12:01:59	1	2	1	0
     4948	2026-03-23 12:02:14	1	2	1	0
     4948	2026-03-23 12:02:16	1	2	1	0
     5570	2026-03-23 12:02:35	1	2	1	0
    13725	2026-03-23 12:02:39	1	2	1	0
     1384	2026-03-23 12:02:44	1	2	1	0
    29987	2026-03-23 12:03:15	1	2	1	0
     4207	2026-03-23 12:03:25	1	2	1	0
     4207	2026-03-23 12:03:28	1	2	1	0
     4207	2026-03-23 12:03:31	1	2	1	0
    36963	2026-03-23 12:04:05	1	2	1	0
    36963	2026-03-23 12:04:08	1	2	1	0
    18611	2026-03-23 12:04:28	1	2	1	0
    18611	2026-03-23 12:04:30	1	2	1	0
     3583	2026-03-23 12:06:16	1	2	1	0
    40369	2026-03-23 12:06:21	1	2	1	0
    41837	2026-03-23 12:12:43	1	2	1	0
    41778	2026-03-23 12:18:58	1	2	1	0
    41778	2026-03-23 12:19:01	1	2	1	0
      283	2026-03-23 12:22:21	1	2	1	0
      283	2026-03-23 12:22:26	1	2	1	0
     5470	2026-03-23 12:26:00	1	2	1	0
    33223	2026-03-23 12:29:32	1	2	1	0
    18611	2026-03-23 12:34:25	1	3	1	0
    18611	2026-03-23 12:34:27	1	3	1	0
     7069	2026-03-23 12:34:34	1	3	1	0
    41778	2026-03-23 12:34:40	1	3	1	0
    41778	2026-03-23 12:35:40	1	3	1	0
     1384	2026-03-23 12:36:03	1	3	1	0
    36963	2026-03-23 12:36:11	1	3	1	0
    36963	2026-03-23 12:36:14	1	3	1	0
     5470	2026-03-23 12:36:18	1	3	1	0
    48025	2026-03-23 12:39:07	1	3	1	0
     4207	2026-03-23 12:40:33	1	3	1	0
     4207	2026-03-23 12:40:37	1	3	1	0
    51894	2026-03-23 12:42:10	1	3	1	0
    33223	2026-03-23 12:44:13	1	3	1	0
    41837	2026-03-23 12:44:19	1	3	1	0
    41837	2026-03-23 12:44:22	1	3	1	0
     3583	2026-03-23 12:45:26	1	3	1	0
     3583	2026-03-23 12:45:29	1	3	1	0
    13725	2026-03-23 12:45:43	1	3	1	0
     5570	2026-03-23 12:52:17	1	3	1	0
    40369	2026-03-23 12:55:53	1	3	1	0
    29987	2026-03-23 12:59:38	1	3	1	0
    32171	2026-03-23 13:37:35	1	3	1	0
    32171	2026-03-23 13:37:39	1	3	1	0
    32171	2026-03-23 13:37:46	1	3	1	0
     1003	2026-03-23 13:40:18	1	3	1	0
     1003	2026-03-23 13:40:22	1	3	1	0
     1003	2026-03-23 13:40:25	1	3	1	0
     3583	2026-03-23 17:01:20	1	1	1	0
     3583	2026-03-23 17:01:24	1	1	1	0
    18611	2026-03-23 17:01:47	1	1	1	0
    18611	2026-03-23 17:01:49	1	1	1	0
     1384	2026-03-23 17:02:15	1	1	1	0
     2640	2026-03-23 17:03:28	1	1	1	0
     2640	2026-03-23 17:03:30	1	1	1	0
    51894	2026-03-23 17:04:12	1	1	1	0
     5470	2026-03-23 17:04:20	1	1	1	0
     5570	2026-03-23 17:05:45	1	1	1	0
    41778	2026-03-23 17:08:01	1	1	1	0
    41778	2026-03-23 17:08:03	1	1	1	0
     4207	2026-03-23 17:12:11	1	1	1	0
     4207	2026-03-23 17:12:14	1	1	1	0
     4207	2026-03-23 17:12:17	1	1	1	0
    23781	2026-03-23 17:18:38	1	1	1	0
    33223	2026-03-23 17:19:35	1	1	1	0
    33223	2026-03-23 17:19:38	1	1	1	0
      283	2026-03-23 17:20:29	1	1	1	0
      283	2026-03-23 17:20:33	1	1	1	0
      246	2026-03-23 17:20:43	1	1	1	0
      246	2026-03-23 17:20:46	1	1	1	0
     4948	2026-03-23 17:21:13	1	1	1	0
     4948	2026-03-23 17:21:15	1	1	1	0
     3443	2026-03-23 17:22:38	1	1	1	0
     3443	2026-03-23 17:22:47	1	1	1	0
     8809	2026-03-23 17:32:15	1	1	1	0
     8809	2026-03-23 17:32:19	1	1	1	0
     6272	2026-03-23 17:33:22	1	1	1	0
     6272	2026-03-23 17:33:25	1	1	1	0
    41837	2026-03-23 17:33:40	1	1	1	0
    41837	2026-03-23 17:33:43	1	1	1	0
    52071	2026-03-23 17:34:06	1	1	1	0
    23327	2026-03-23 17:39:54	1	1	1	0
    23327	2026-03-23 17:39:58	1	1	1	0
    19709	2026-03-23 18:05:39	1	1	1	0
    19709	2026-03-23 18:05:42	1	1	1	0
    13725	2026-03-23 18:08:07	1	1	1	0
    13229	2026-03-23 19:01:02	1	1	1	0
    36963	2026-03-23 19:14:25	1	1	1	0
    40369	2026-03-23 19:14:29	1	1	1	0
     1003	2026-03-23 22:01:07	1	1	1	0
     1003	2026-03-23 22:01:11	1	1	1	0
     1003	2026-03-23 22:01:15	1	1	1	0
    32171	2026-03-23 22:02:00	1	1	1	0
    32171	2026-03-23 22:02:07	1	1	1	0
    32171	2026-03-23 22:02:11	1	1	1	0
     3661	2026-03-24 05:12:39	1	0	1	0
     3661	2026-03-24 05:12:42	1	0	1	0
     1537	2026-03-24 05:49:06	1	0	1	0
     1537	2026-03-24 05:49:23	1	0	1	0
    12961	2026-03-24 05:52:25	1	0	1	0
    18611	2026-03-24 06:19:30	1	0	1	0
    13725	2026-03-24 06:26:29	1	0	1	0
    29987	2026-03-24 06:29:04	1	0	1	0
      342	2026-03-24 06:43:52	1	0	1	0
      342	2026-03-24 06:43:54	1	0	1	0
    19709	2026-03-24 06:45:09	1	0	1	0
    40369	2026-03-24 06:45:11	1	0	1	0
    53520	2026-03-24 06:59:50	1	0	1	0
    53520	2026-03-24 06:59:52	1	0	1	0
    41778	2026-03-24 07:00:05	1	0	1	0
    41778	2026-03-24 07:00:09	1	0	1	0
     8809	2026-03-24 07:01:08	1	0	1	0
     8809	2026-03-24 07:01:12	1	0	1	0
    51894	2026-03-24 07:02:39	1	0	1	0
     5470	2026-03-24 07:06:19	1	0	1	0
    41837	2026-03-24 07:09:02	1	0	1	0
    41837	2026-03-24 07:09:05	1	0	1	0
    48144	2026-03-24 07:12:33	1	0	1	0
    48144	2026-03-24 07:12:37	1	0	1	0
     6272	2026-03-24 07:14:43	1	0	1	0
     7069	2026-03-24 07:31:29	1	0	1	0
     4948	2026-03-24 07:34:04	1	0	1	0
     4948	2026-03-24 07:34:06	1	0	1	0
    52071	2026-03-24 07:34:50	1	0	1	0
     1384	2026-03-24 07:36:24	1	0	1	0
    23781	2026-03-24 07:36:56	1	0	1	0
     3443	2026-03-24 07:40:10	1	0	1	0
     3443	2026-03-24 07:40:14	1	0	1	0
     5570	2026-03-24 07:40:20	1	0	1	0
    31520	2026-03-24 07:47:36	1	0	1	0
    31520	2026-03-24 07:47:40	1	0	1	0
     3583	2026-03-24 07:55:29	1	0	1	0
     3583	2026-03-24 07:55:32	1	0	1	0
    13229	2026-03-24 07:57:09	1	0	1	0
     2640	2026-03-24 07:59:31	1	0	1	0
     2640	2026-03-24 07:59:33	1	0	1	0
    36963	2026-03-24 07:59:36	1	0	1	0
    36963	2026-03-24 07:59:40	1	0	1	0
    33223	2026-03-24 08:00:16	1	0	1	0
    33223	2026-03-24 08:00:18	1	0	1	0
     5437	2026-03-24 08:01:19	1	0	1	0
     5437	2026-03-24 08:01:23	1	0	1	0
     4948	2026-03-24 12:01:16	1	2	1	0
     4948	2026-03-24 12:01:18	1	2	1	0
    18611	2026-03-24 12:01:29	1	2	1	0
    18611	2026-03-24 12:01:31	1	2	1	0
     7069	2026-03-24 12:01:37	1	2	1	0
     7069	2026-03-24 12:01:49	1	2	1	0
    51894	2026-03-24 12:01:52	1	2	1	0
     5570	2026-03-24 12:01:59	1	2	1	0
    29987	2026-03-24 12:02:24	1	2	1	0
     1384	2026-03-24 12:02:40	1	2	1	0
    13725	2026-03-24 12:02:45	1	2	1	0
     5470	2026-03-24 12:02:57	1	2	1	0
     3583	2026-03-24 12:04:36	1	2	1	0
    19709	2026-03-24 12:04:40	1	2	1	0
    48025	2026-03-24 12:06:52	1	2	1	0
      283	2026-03-24 12:08:59	1	2	1	0
      283	2026-03-24 12:09:02	1	2	1	0
    41837	2026-03-24 12:13:08	1	2	1	0
    41837	2026-03-24 12:13:10	1	2	1	0
    36963	2026-03-24 12:13:38	1	2	1	0
    36963	2026-03-24 12:13:42	1	2	1	0
    23781	2026-03-24 12:20:28	1	2	1	0
    41778	2026-03-24 12:21:57	1	2	1	0
    41778	2026-03-24 12:22:01	1	2	1	0
    31520	2026-03-24 12:22:10	1	2	1	0
    31520	2026-03-24 12:22:14	1	2	1	0
     4273	2026-03-24 12:26:07	1	2	1	0
     4273	2026-03-24 12:26:09	1	2	1	0
     2640	2026-03-24 12:26:19	1	2	1	0
     2640	2026-03-24 12:26:21	1	2	1	0
    33223	2026-03-24 12:29:46	1	2	1	0
    33223	2026-03-24 12:29:48	1	2	1	0
     4273	2026-03-24 12:31:02	1	3	1	0
    31520	2026-03-24 12:36:35	1	3	1	0
    31520	2026-03-24 12:36:39	1	3	1	0
     7069	2026-03-24 12:36:44	1	3	1	0
     7069	2026-03-24 12:36:47	1	3	1	0
    48025	2026-03-24 12:39:17	1	3	1	0
    41778	2026-03-24 12:39:43	1	3	1	0
    41778	2026-03-24 12:39:46	1	3	1	0
     1384	2026-03-24 12:40:07	1	3	1	0
    13725	2026-03-24 12:40:35	1	3	1	0
     3583	2026-03-24 12:41:13	1	3	1	0
    23781	2026-03-24 12:41:18	1	3	1	0
    18611	2026-03-24 12:43:27	1	3	1	0
    19709	2026-03-24 12:43:31	1	3	1	0
    36963	2026-03-24 12:45:37	1	3	1	0
    40369	2026-03-24 12:45:40	1	3	1	0
     5570	2026-03-24 12:50:50	1	3	1	0
    29987	2026-03-24 12:51:13	1	3	1	0
     1003	2026-03-24 13:42:21	1	3	1	0
     1003	2026-03-24 13:42:26	1	3	1	0
     1003	2026-03-24 13:42:29	1	3	1	0
    32171	2026-03-24 13:43:41	1	3	1	0
    32171	2026-03-24 13:43:51	1	3	1	0
    32171	2026-03-24 13:43:54	1	3	1	0
     5570	2026-03-24 17:01:17	1	1	1	0
     3583	2026-03-24 17:01:26	1	1	1	0
     3583	2026-03-24 17:01:30	1	1	1	0
    18611	2026-03-24 17:01:33	1	1	1	0
    18611	2026-03-24 17:01:38	1	1	1	0
      342	2026-03-24 17:01:42	1	1	1	0
      342	2026-03-24 17:01:44	1	1	1	0
     1384	2026-03-24 17:01:48	1	1	1	0
    23781	2026-03-24 17:01:59	1	1	1	0
    33223	2026-03-24 17:02:03	1	1	1	0
    33223	2026-03-24 17:02:06	1	1	1	0
     5470	2026-03-24 17:02:20	1	1	1	0
     2640	2026-03-24 17:02:43	1	1	1	0
     2640	2026-03-24 17:02:45	1	1	1	0
    41778	2026-03-24 17:03:55	1	1	1	0
    41778	2026-03-24 17:03:57	1	1	1	0
     5437	2026-03-24 17:04:55	1	1	1	0
    51894	2026-03-24 17:10:02	1	1	1	0
     3443	2026-03-24 17:14:55	1	1	1	0
     3443	2026-03-24 17:14:59	1	1	1	0
     6272	2026-03-24 17:19:48	1	1	1	0
    41837	2026-03-24 17:27:41	1	1	1	0
    41837	2026-03-24 17:27:44	1	1	1	0
     8809	2026-03-24 17:27:52	1	1	1	0
     8809	2026-03-24 17:27:56	1	1	1	0
     5329	2026-03-24 17:33:05	1	1	1	0
     5329	2026-03-24 17:33:08	1	1	1	0
     4948	2026-03-24 17:35:28	1	1	1	0
     4948	2026-03-24 17:35:30	1	1	1	0
      283	2026-03-24 17:35:41	1	1	1	0
      283	2026-03-24 17:35:45	1	1	1	0
    13725	2026-03-24 18:00:16	1	1	1	0
    29987	2026-03-24 18:03:45	1	1	1	0
    29987	2026-03-24 18:03:48	1	1	1	0
    52071	2026-03-24 18:03:58	1	1	1	0
    19709	2026-03-24 18:22:51	1	1	1	0
    19709	2026-03-24 18:22:54	1	1	1	0
    13229	2026-03-24 18:27:16	1	1	1	0
    36963	2026-03-24 19:01:03	1	1	1	0
    36963	2026-03-24 19:01:06	1	1	1	0
    31520	2026-03-24 19:03:19	1	1	1	0
    31520	2026-03-24 19:03:23	1	1	1	0
     1003	2026-03-24 22:01:06	1	1	1	0
     1003	2026-03-24 22:01:10	1	1	1	0
     1003	2026-03-24 22:01:13	1	1	1	0
    32171	2026-03-24 22:01:33	1	1	1	0
    32171	2026-03-24 22:01:38	1	1	1	0
    32171	2026-03-24 22:01:43	1	1	1	0
    22276	2026-03-25 04:49:36	1	0	1	0
     1537	2026-03-25 05:53:39	1	0	1	0
     1537	2026-03-25 05:53:43	1	0	1	0
    12961	2026-03-25 05:53:49	1	0	1	0
    23327	2026-03-25 06:19:57	1	0	1	0
    23327	2026-03-25 06:20:02	1	0	1	0
    29987	2026-03-25 06:21:57	1	0	1	0
    29987	2026-03-25 06:22:00	1	0	1	0
    18611	2026-03-25 06:24:10	1	0	1	0
    18611	2026-03-25 06:24:12	1	0	1	0
      342	2026-03-25 06:31:27	1	0	1	0
      342	2026-03-25 06:31:30	1	0	1	0
    53520	2026-03-25 06:52:14	1	0	1	0
    53520	2026-03-25 06:52:18	1	0	1	0
    19709	2026-03-25 06:53:12	1	0	1	0
    40369	2026-03-25 06:53:14	1	0	1	0
    23781	2026-03-25 06:53:22	1	0	1	0
    52071	2026-03-25 06:55:40	1	0	1	0
    48144	2026-03-25 07:03:16	1	0	1	0
    48144	2026-03-25 07:03:21	1	0	1	0
     8809	2026-03-25 07:15:39	1	0	1	0
     8809	2026-03-25 07:15:55	1	0	1	0
     5329	2026-03-25 07:16:03	1	0	1	0
     5329	2026-03-25 07:16:05	1	0	1	0
     6272	2026-03-25 07:17:07	1	0	1	0
      283	2026-03-25 07:17:48	1	0	1	0
      283	2026-03-25 07:17:51	1	0	1	0
      283	2026-03-25 07:17:55	1	0	1	0
     3661	2026-03-25 07:23:35	1	0	1	0
     3661	2026-03-25 07:23:38	1	0	1	0
      246	2026-03-25 07:28:55	1	0	1	0
      246	2026-03-25 07:28:58	1	0	1	0
    33223	2026-03-25 07:33:59	1	0	1	0
     1384	2026-03-25 07:35:54	1	0	1	0
     4948	2026-03-25 07:37:45	1	0	1	0
     4948	2026-03-25 07:37:47	1	0	1	0
    51894	2026-03-25 07:38:07	1	0	1	0
     5470	2026-03-25 07:39:06	1	0	1	0
     3443	2026-03-25 07:41:11	1	0	1	0
     3443	2026-03-25 07:41:17	1	0	1	0
     3583	2026-03-25 07:41:55	1	0	1	0
     3583	2026-03-25 07:41:59	1	0	1	0
    31520	2026-03-25 07:42:35	1	0	1	0
    31520	2026-03-25 07:42:40	1	0	1	0
     2640	2026-03-25 07:42:58	1	0	1	0
     2640	2026-03-25 07:43:01	1	0	1	0
    41778	2026-03-25 07:46:50	1	0	1	0
    41778	2026-03-25 07:46:53	1	0	1	0
     4207	2026-03-25 07:47:59	1	0	1	0
     4207	2026-03-25 07:48:03	1	0	1	0
     4207	2026-03-25 07:48:06	1	0	1	0
    41837	2026-03-25 07:48:53	1	0	1	0
    41837	2026-03-25 07:48:55	1	0	1	0
     7069	2026-03-25 07:50:55	1	0	1	0
     7069	2026-03-25 07:50:57	1	0	1	0
    13229	2026-03-25 08:00:58	1	0	1	0
    36963	2026-03-25 08:01:53	1	0	1	0
    36963	2026-03-25 08:01:56	1	0	1	0
    41778	2026-03-25 12:01:14	1	2	1	0
    41778	2026-03-25 12:01:17	1	2	1	0
     1384	2026-03-25 12:01:21	1	2	1	0
    51894	2026-03-25 12:01:28	1	2	1	0
     4207	2026-03-25 12:01:33	1	2	1	0
     4207	2026-03-25 12:01:36	1	2	1	0
    13725	2026-03-25 12:01:40	1	2	1	0
    48025	2026-03-25 12:01:44	1	2	1	0
    29987	2026-03-25 12:01:48	1	2	1	0
     5470	2026-03-25 12:02:26	1	2	1	0
     7069	2026-03-25 12:02:33	1	2	1	0
    18611	2026-03-25 12:03:31	1	2	1	0
    18611	2026-03-25 12:03:34	1	2	1	0
     3583	2026-03-25 12:04:25	1	2	1	0
     3583	2026-03-25 12:04:30	1	2	1	0
    33223	2026-03-25 12:06:40	1	2	1	0
      283	2026-03-25 12:15:28	1	2	1	0
      283	2026-03-25 12:15:31	1	2	1	0
    23781	2026-03-25 12:23:03	1	2	1	0
    41837	2026-03-25 12:23:07	1	2	1	0
    41837	2026-03-25 12:23:10	1	2	1	0
    36963	2026-03-25 12:23:58	1	2	1	0
    36963	2026-03-25 12:24:02	1	2	1	0
    36963	2026-03-25 12:31:36	1	3	1	0
    36963	2026-03-25 12:31:39	1	3	1	0
    18611	2026-03-25 12:31:43	1	3	1	0
    18611	2026-03-25 12:31:46	1	3	1	0
     4207	2026-03-25 12:31:54	1	3	1	0
     4207	2026-03-25 12:31:58	1	3	1	0
    23781	2026-03-25 12:32:58	1	3	1	0
    13725	2026-03-25 12:36:58	1	3	1	0
    51894	2026-03-25 12:41:55	1	3	1	0
    41837	2026-03-25 12:43:41	1	3	1	0
    41837	2026-03-25 12:43:44	1	3	1	0
     3583	2026-03-25 12:47:12	1	3	1	0
     3583	2026-03-25 12:47:16	1	3	1	0
     1384	2026-03-25 12:49:11	1	3	1	0
    41837	2026-03-25 12:56:53	1	3	1	0
    41837	2026-03-25 12:56:55	1	3	1	0
    29987	2026-03-25 12:58:26	1	3	1	0
    40369	2026-03-25 12:58:29	1	3	1	0
     5470	2026-03-25 12:58:52	1	3	1	0
     1003	2026-03-25 13:24:05	1	3	1	0
     1003	2026-03-25 13:24:08	1	3	1	0
     1003	2026-03-25 13:24:12	1	3	1	0
    32171	2026-03-25 13:42:53	1	3	1	0
    32171	2026-03-25 13:43:00	1	3	1	0
    32171	2026-03-25 13:43:04	1	3	1	0
     3583	2026-03-25 17:01:23	1	1	1	0
     3583	2026-03-25 17:01:31	1	1	1	0
    41778	2026-03-25 17:01:36	1	1	1	0
    41778	2026-03-25 17:01:38	1	1	1	0
    51894	2026-03-25 17:01:49	1	1	1	0
     1384	2026-03-25 17:01:53	1	1	1	0
    33223	2026-03-25 17:02:04	1	1	1	0
    33223	2026-03-25 17:02:06	1	1	1	0
    18611	2026-03-25 17:02:21	1	1	1	0
    18611	2026-03-25 17:02:24	1	1	1	0
     2640	2026-03-25 17:06:20	1	1	1	0
     2640	2026-03-25 17:06:26	1	1	1	0
    23781	2026-03-25 17:07:48	1	1	1	0
    41837	2026-03-25 17:13:19	1	1	1	0
     4207	2026-03-25 17:14:11	1	1	1	0
     4207	2026-03-25 17:14:14	1	1	1	0
     6272	2026-03-25 17:15:28	1	1	1	0
     6272	2026-03-25 17:15:30	1	1	1	0
     5470	2026-03-25 17:16:48	1	1	1	0
     3443	2026-03-25 17:17:47	1	1	1	0
     3443	2026-03-25 17:17:53	1	1	1	0
     8809	2026-03-25 17:20:19	1	1	1	0
     8809	2026-03-25 17:20:23	1	1	1	0
      283	2026-03-25 17:35:04	1	1	1	0
      283	2026-03-25 17:35:11	1	1	1	0
     4948	2026-03-25 17:41:55	1	1	1	0
     4948	2026-03-25 17:41:57	1	1	1	0
    13229	2026-03-25 18:06:57	1	1	1	0
      342	2026-03-25 18:08:15	1	1	1	0
      342	2026-03-25 18:08:17	1	1	1	0
    13725	2026-03-25 18:13:18	1	1	1	0
      246	2026-03-25 18:20:16	1	1	1	0
      246	2026-03-25 18:20:19	1	1	1	0
    29987	2026-03-25 18:20:34	1	1	1	0
    29987	2026-03-25 18:20:37	1	1	1	0
    31520	2026-03-25 19:09:33	1	1	1	0
    31520	2026-03-25 19:09:40	1	1	1	0
    36963	2026-03-25 19:34:21	1	1	1	0
    36963	2026-03-25 19:34:24	1	1	1	0
    19709	2026-03-25 19:34:58	1	1	1	0
    19709	2026-03-25 19:35:00	1	1	1	0
    32171	2026-03-25 22:01:14	1	1	1	0
    32171	2026-03-25 22:01:24	1	1	1	0
    32171	2026-03-25 22:01:28	1	1	1	0
     1003	2026-03-25 22:01:39	1	1	1	0
     1003	2026-03-25 22:01:43	1	1	1	0
     1003	2026-03-25 22:01:47	1	1	1	0
    22276	2026-03-26 04:48:58	1	0	1	0
    12961	2026-03-26 05:46:56	1	0	1	0
     1537	2026-03-26 05:57:25	1	0	1	0
     1537	2026-03-26 05:57:29	1	0	1	0
    18611	2026-03-26 06:13:28	1	0	1	0
    18611	2026-03-26 06:13:30	1	0	1	0
    23327	2026-03-26 06:27:25	1	0	1	0
     5329	2026-03-26 06:33:42	1	0	1	0
     5329	2026-03-26 06:33:44	1	0	1	0
    29987	2026-03-26 06:46:14	1	0	1	0
    29987	2026-03-26 06:46:17	1	0	1	0
    13725	2026-03-26 06:46:39	1	0	1	0
    23781	2026-03-26 06:48:00	1	0	1	0
      342	2026-03-26 06:52:41	1	0	1	0
      342	2026-03-26 06:52:43	1	0	1	0
    19709	2026-03-26 06:53:28	1	0	1	0
    40369	2026-03-26 06:53:30	1	0	1	0
    53520	2026-03-26 06:56:03	1	0	1	0
    53520	2026-03-26 06:56:05	1	0	1	0
    41778	2026-03-26 07:00:05	1	0	1	0
    41778	2026-03-26 07:00:07	1	0	1	0
    48144	2026-03-26 07:09:32	1	0	1	0
    48144	2026-03-26 07:09:37	1	0	1	0
     5437	2026-03-26 07:11:09	1	0	1	0
     5437	2026-03-26 07:11:14	1	0	1	0
     3661	2026-03-26 07:14:47	1	0	1	0
     3661	2026-03-26 07:14:49	1	0	1	0
      283	2026-03-26 07:25:47	1	0	1	0
      283	2026-03-26 07:25:51	1	0	1	0
     1384	2026-03-26 07:26:18	1	0	1	0
     8809	2026-03-26 07:27:28	1	0	1	0
     8809	2026-03-26 07:27:33	1	0	1	0
     6272	2026-03-26 07:27:38	1	0	1	0
     6272	2026-03-26 07:27:45	1	0	1	0
    33223	2026-03-26 07:28:13	1	0	1	0
    33223	2026-03-26 07:28:15	1	0	1	0
     4207	2026-03-26 07:30:39	1	0	1	0
     4207	2026-03-26 07:30:43	1	0	1	0
      246	2026-03-26 07:40:31	1	0	1	0
      246	2026-03-26 07:40:33	1	0	1	0
     5570	2026-03-26 07:42:20	1	0	1	0
    51894	2026-03-26 07:42:28	1	0	1	0
     5470	2026-03-26 07:43:58	1	0	1	0
    41837	2026-03-26 07:47:02	1	0	1	0
    41837	2026-03-26 07:47:05	1	0	1	0
    31520	2026-03-26 07:48:06	1	0	1	0
    31520	2026-03-26 07:48:10	1	0	1	0
     3443	2026-03-26 07:53:29	1	0	1	0
     3443	2026-03-26 07:53:33	1	0	1	0
     2640	2026-03-26 07:54:30	1	0	1	0
     2640	2026-03-26 07:54:32	1	0	1	0
    36963	2026-03-26 07:54:36	1	0	1	0
    36963	2026-03-26 07:54:39	1	0	1	0
    13229	2026-03-26 07:55:18	1	0	1	0
     7069	2026-03-26 07:56:01	1	0	1	0
     3583	2026-03-26 07:56:47	1	0	1	0
     3583	2026-03-26 07:56:51	1	0	1	0
    52071	2026-03-26 08:05:42	1	0	1	0
    51894	2026-03-26 12:01:14	1	2	1	0
    41778	2026-03-26 12:01:20	1	2	1	0
    41778	2026-03-26 12:01:22	1	2	1	0
     1384	2026-03-26 12:01:26	1	2	1	0
    13725	2026-03-26 12:01:32	1	2	1	0
     5470	2026-03-26 12:01:36	1	2	1	0
     4207	2026-03-26 12:01:39	1	2	1	0
    29987	2026-03-26 12:01:44	1	2	1	0
    29987	2026-03-26 12:01:47	1	2	1	0
    48025	2026-03-26 12:01:51	1	2	1	0
     5570	2026-03-26 12:02:04	1	2	1	0
     7069	2026-03-26 12:02:11	1	2	1	0
     5437	2026-03-26 12:04:15	1	2	1	0
     5437	2026-03-26 12:04:18	1	2	1	0
     3583	2026-03-26 12:05:30	1	2	1	0
     3583	2026-03-26 12:05:33	1	2	1	0
    36963	2026-03-26 12:06:02	1	2	1	0
    36963	2026-03-26 12:06:06	1	2	1	0
    33223	2026-03-26 12:06:18	1	2	1	0
    18611	2026-03-26 12:06:37	1	2	1	0
    18611	2026-03-26 12:06:40	1	2	1	0
    41837	2026-03-26 12:14:41	1	2	1	0
    41837	2026-03-26 12:14:43	1	2	1	0
      283	2026-03-26 12:17:46	1	2	1	0
      283	2026-03-26 12:17:50	1	2	1	0
     2640	2026-03-26 12:22:51	1	2	1	0
     2640	2026-03-26 12:22:53	1	2	1	0
    31520	2026-03-26 12:26:29	1	2	1	0
    31520	2026-03-26 12:26:33	1	2	1	0
    51894	2026-03-26 12:33:55	1	3	1	0
    18611	2026-03-26 12:34:05	1	3	1	0
    18611	2026-03-26 12:34:07	1	3	1	0
     4207	2026-03-26 12:35:37	1	3	1	0
     4207	2026-03-26 12:35:40	1	3	1	0
    31520	2026-03-26 12:37:12	1	3	1	0
    31520	2026-03-26 12:37:16	1	3	1	0
    36963	2026-03-26 12:38:50	1	3	1	0
    36963	2026-03-26 12:38:53	1	3	1	0
     3583	2026-03-26 12:44:57	1	3	1	0
     3583	2026-03-26 12:45:00	1	3	1	0
    13725	2026-03-26 12:47:44	1	3	1	0
    41837	2026-03-26 12:49:29	1	3	1	0
    41837	2026-03-26 12:49:32	1	3	1	0
     1384	2026-03-26 12:49:53	1	3	1	0
    23781	2026-03-26 12:52:23	1	3	1	0
     5470	2026-03-26 12:54:22	1	3	1	0
     5570	2026-03-26 12:54:35	1	3	1	0
    29987	2026-03-26 12:56:41	1	3	1	0
    29987	2026-03-26 12:56:43	1	3	1	0
     1003	2026-03-26 12:57:19	1	3	1	0
     1003	2026-03-26 12:57:23	1	3	1	0
    19709	2026-03-26 13:01:33	1	3	1	0
    40369	2026-03-26 13:01:36	1	3	1	0
      246	2026-03-26 16:57:36	1	3	1	0
      246	2026-03-26 16:57:40	1	3	1	0
     5437	2026-03-26 17:01:16	1	1	1	0
     5437	2026-03-26 17:01:19	1	1	1	0
      246	2026-03-26 17:01:24	1	1	1	0
      246	2026-03-26 17:01:28	1	1	1	0
     3583	2026-03-26 17:01:31	1	1	1	0
     1384	2026-03-26 17:01:38	1	1	1	0
     5470	2026-03-26 17:01:41	1	1	1	0
     5570	2026-03-26 17:01:47	1	1	1	0
    18611	2026-03-26 17:01:52	1	1	1	0
    18611	2026-03-26 17:01:55	1	1	1	0
    41778	2026-03-26 17:02:00	1	1	1	0
    41778	2026-03-26 17:02:02	1	1	1	0
     5329	2026-03-26 17:04:14	1	1	1	0
     5329	2026-03-26 17:04:16	1	1	1	0
      283	2026-03-26 17:04:54	1	1	1	0
      283	2026-03-26 17:04:58	1	1	1	0
      342	2026-03-26 17:07:43	1	1	1	0
      342	2026-03-26 17:07:45	1	1	1	0
     4207	2026-03-26 17:09:42	1	1	1	0
     4207	2026-03-26 17:09:47	1	1	1	0
     4207	2026-03-26 17:09:50	1	1	1	0
    13229	2026-03-26 17:10:21	1	1	1	0
     3443	2026-03-26 17:11:17	1	1	1	0
     3443	2026-03-26 17:11:26	1	1	1	0
    41837	2026-03-26 17:12:35	1	1	1	0
    23781	2026-03-26 17:13:34	1	1	1	0
    22276	2026-03-26 17:18:57	1	1	1	0
    25346	2026-03-26 17:19:05	1	1	1	0
     6272	2026-03-26 17:20:23	1	1	1	0
     6272	2026-03-26 17:20:26	1	1	1	0
     8809	2026-03-26 17:29:12	1	1	1	0
     8809	2026-03-26 17:29:16	1	1	1	0
    51894	2026-03-26 17:46:30	1	1	1	0
    33223	2026-03-26 17:58:18	1	1	1	0
    13725	2026-03-26 18:01:03	1	1	1	0
    52071	2026-03-26 18:04:37	1	1	1	0
     2640	2026-03-26 18:19:50	1	1	1	0
     2640	2026-03-26 18:19:52	1	1	1	0
    29987	2026-03-26 18:21:00	1	1	1	0
    29987	2026-03-26 18:21:04	1	1	1	0
    29987	2026-03-26 18:21:07	1	1	1	0
    31520	2026-03-26 19:02:07	1	1	1	0
    19709	2026-03-26 19:02:11	1	1	1	0
    32171	2026-03-26 21:25:36	1	1	1	0
    32171	2026-03-26 21:25:40	1	1	1	0
    32171	2026-03-26 21:25:44	1	1	1	0
     1003	2026-03-26 22:02:14	1	1	1	0
     1003	2026-03-26 22:02:18	1	1	1	0
     1003	2026-03-26 22:02:22	1	1	1	0
    36963	2026-03-26 23:30:46	1	1	1	0
    36963	2026-03-26 23:30:49	1	1	1	0
      246	2026-03-27 05:20:20	1	0	1	0
      246	2026-03-27 05:20:23	1	0	1	0
     1537	2026-03-27 05:54:00	1	0	1	0
     1537	2026-03-27 05:54:04	1	0	1	0
    12961	2026-03-27 06:00:05	1	0	1	0
    18611	2026-03-27 06:05:25	1	0	1	0
    18611	2026-03-27 06:05:28	1	0	1	0
     5437	2026-03-27 06:32:39	1	0	1	0
    52071	2026-03-27 06:45:06	1	0	1	0
      342	2026-03-27 07:03:54	1	0	1	0
      342	2026-03-27 07:03:56	1	0	1	0
     3661	2026-03-27 07:12:43	1	0	1	0
     3661	2026-03-27 07:12:46	1	0	1	0
     6272	2026-03-27 07:20:44	1	0	1	0
     6272	2026-03-27 07:20:47	1	0	1	0
     8809	2026-03-27 07:21:10	1	0	1	0
     8809	2026-03-27 07:21:14	1	0	1	0
     1384	2026-03-27 07:30:10	1	0	1	0
      283	2026-03-27 07:34:24	1	0	1	0
      283	2026-03-27 07:34:32	1	0	1	0
     5570	2026-03-27 07:38:52	1	0	1	0
    31520	2026-03-27 07:39:03	1	0	1	0
    31520	2026-03-27 07:39:07	1	0	1	0
     3583	2026-03-27 07:41:53	1	0	1	0
     3583	2026-03-27 07:41:57	1	0	1	0
    13229	2026-03-27 07:44:02	1	0	1	0
     5470	2026-03-27 07:47:32	1	0	1	0
     7069	2026-03-27 07:49:32	1	0	1	0
    41778	2026-03-27 07:49:38	1	0	1	0
    51894	2026-03-27 07:50:02	1	0	1	0
     4207	2026-03-27 07:50:26	1	0	1	0
     4207	2026-03-27 07:50:29	1	0	1	0
    41837	2026-03-27 07:54:07	1	0	1	0
    41837	2026-03-27 07:54:09	1	0	1	0
     3443	2026-03-27 07:57:52	1	0	1	0
    36963	2026-03-27 07:58:04	1	0	1	0
    36963	2026-03-27 07:58:08	1	0	1	0
    33223	2026-03-27 07:59:43	1	0	1	0
    33223	2026-03-27 07:59:45	1	0	1	0
     4273	2026-03-27 12:00:03	1	2	1	0
     4273	2026-03-27 12:00:05	1	2	1	0
     5470	2026-03-27 12:00:47	1	2	1	0
     5570	2026-03-27 12:00:51	1	2	1	0
     5570	2026-03-27 12:01:19	1	2	1	0
     5470	2026-03-27 12:01:26	1	2	1	0
     7069	2026-03-27 12:01:30	1	2	1	0
     4207	2026-03-27 12:02:02	1	2	1	0
     4207	2026-03-27 12:02:07	1	2	1	0
     4207	2026-03-27 12:02:10	1	2	1	0
    41778	2026-03-27 12:04:52	1	2	1	0
    41778	2026-03-27 12:04:55	1	2	1	0
    36963	2026-03-27 12:05:24	1	2	1	0
    36963	2026-03-27 12:05:27	1	2	1	0
      283	2026-03-27 12:08:15	1	2	1	0
      283	2026-03-27 12:08:18	1	2	1	0
     3583	2026-03-27 12:11:16	1	2	1	0
     3583	2026-03-27 12:11:21	1	2	1	0
    18611	2026-03-27 12:12:49	1	2	1	0
    18611	2026-03-27 12:12:53	1	2	1	0
    41837	2026-03-27 12:16:34	1	2	1	0
    52071	2026-03-27 12:18:46	1	2	1	0
     1384	2026-03-27 12:20:02	1	2	1	0
    12961	2026-03-27 12:26:55	1	2	1	0
    33223	2026-03-27 12:29:12	1	2	1	0
    18611	2026-03-27 12:31:04	1	3	1	0
    18611	2026-03-27 12:31:07	1	3	1	0
    36963	2026-03-27 12:35:06	1	3	1	0
    36963	2026-03-27 12:35:10	1	3	1	0
     7069	2026-03-27 12:36:56	1	3	1	0
    41778	2026-03-27 12:39:02	1	3	1	0
    41778	2026-03-27 12:39:05	1	3	1	0
    12961	2026-03-27 12:43:10	1	3	1	0
     4207	2026-03-27 12:45:01	1	3	1	0
     4207	2026-03-27 12:45:04	1	3	1	0
    41837	2026-03-27 12:46:14	1	3	1	0
    23781	2026-03-27 12:46:21	1	3	1	0
     1384	2026-03-27 12:46:35	1	3	1	0
     3583	2026-03-27 12:47:28	1	3	1	0
     3583	2026-03-27 12:47:31	1	3	1	0
    52071	2026-03-27 12:53:09	1	3	1	0
     5570	2026-03-27 12:53:29	1	3	1	0
     5470	2026-03-27 12:59:43	1	3	1	0
     1003	2026-03-27 13:38:53	1	3	1	0
     1003	2026-03-27 13:38:57	1	3	1	0
     1003	2026-03-27 13:39:00	1	3	1	0
     5437	2026-03-27 17:01:15	1	1	1	0
     5437	2026-03-27 17:01:19	1	1	1	0
    18611	2026-03-27 17:01:23	1	1	1	0
    18611	2026-03-27 17:01:25	1	1	1	0
     3583	2026-03-27 17:01:31	1	1	1	0
     3583	2026-03-27 17:01:35	1	1	1	0
     5570	2026-03-27 17:01:42	1	1	1	0
     5470	2026-03-27 17:01:47	1	1	1	0
      246	2026-03-27 17:10:12	1	1	1	0
      246	2026-03-27 17:10:15	1	1	1	0
     4948	2026-03-27 17:10:21	1	1	1	0
     4948	2026-03-27 17:10:23	1	1	1	0
      283	2026-03-27 17:10:34	1	1	1	0
      283	2026-03-27 17:10:38	1	1	1	0
     4207	2026-03-27 17:12:40	1	1	1	0
     4207	2026-03-27 17:12:43	1	1	1	0
     3443	2026-03-27 17:13:35	1	1	1	0
     3443	2026-03-27 17:13:41	1	1	1	0
    41778	2026-03-27 17:13:47	1	1	1	0
     8809	2026-03-27 17:18:07	1	1	1	0
     8809	2026-03-27 17:18:11	1	1	1	0
     6272	2026-03-27 17:18:22	1	1	1	0
     6272	2026-03-27 17:18:25	1	1	1	0
    41837	2026-03-27 17:21:22	1	1	1	0
    41837	2026-03-27 17:21:25	1	1	1	0
    52071	2026-03-27 17:25:17	1	1	1	0
    13229	2026-03-27 17:30:33	1	1	1	0
      342	2026-03-27 17:40:23	1	1	1	0
      342	2026-03-27 17:40:25	1	1	1	0
    51894	2026-03-27 17:58:45	1	1	1	0
     1384	2026-03-27 17:59:44	1	1	1	0
    33223	2026-03-27 18:41:09	1	1	1	0
    36963	2026-03-27 19:04:43	1	1	1	0
    36963	2026-03-27 19:04:46	1	1	1	0
    31520	2026-03-27 19:19:13	1	1	1	0
    31520	2026-03-27 19:19:17	1	1	1	0
     1003	2026-03-27 22:02:52	1	1	1	0
     1003	2026-03-27 22:02:59	1	1	1	0
     1003	2026-03-27 22:03:08	1	1	1	0
    22276	2026-03-28 04:37:36	1	0	1	0
    22276	2026-03-28 04:37:38	1	0	1	0
    12961	2026-03-28 05:58:30	1	0	1	0
    13229	2026-03-28 06:49:59	1	0	1	0
      342	2026-03-28 06:53:30	1	0	1	0
      342	2026-03-28 06:53:32	1	0	1	0
    41778	2026-03-28 07:01:19	1	0	1	0
    41778	2026-03-28 07:01:21	1	0	1	0
    52071	2026-03-28 07:02:08	1	0	1	0
      283	2026-03-28 07:14:33	1	0	1	0
      283	2026-03-28 07:14:36	1	0	1	0
      283	2026-03-28 07:14:40	1	0	1	0
      246	2026-03-28 07:20:28	1	0	1	0
      246	2026-03-28 07:20:31	1	0	1	0
     5329	2026-03-28 07:24:18	1	0	1	0
     5329	2026-03-28 07:24:21	1	0	1	0
     4948	2026-03-28 07:36:17	1	0	1	0
     4948	2026-03-28 07:36:19	1	0	1	0
    31520	2026-03-28 07:36:55	1	0	1	0
    31520	2026-03-28 07:36:59	1	0	1	0
     5437	2026-03-28 07:37:44	1	0	1	0
     5437	2026-03-28 07:37:46	1	0	1	0
     3583	2026-03-28 07:43:33	1	0	1	0
     3583	2026-03-28 07:43:36	1	0	1	0
     5570	2026-03-28 07:43:50	1	0	1	0
     1003	2026-03-28 07:44:52	1	0	1	0
     1003	2026-03-28 07:44:56	1	0	1	0
     1003	2026-03-28 07:44:59	1	0	1	0
     4273	2026-03-28 07:51:00	1	0	1	0
     4273	2026-03-28 07:51:03	1	0	1	0
     7069	2026-03-28 07:57:00	1	0	1	0
     7069	2026-03-28 07:57:02	1	0	1	0
    36963	2026-03-28 08:00:28	1	0	1	0
    36963	2026-03-28 08:00:32	1	0	1	0
    33223	2026-03-28 08:15:03	1	0	1	0
     5570	2026-03-28 12:00:54	1	2	1	0
     1003	2026-03-28 12:01:19	1	2	1	0
     1003	2026-03-28 12:01:23	1	2	1	0
     7069	2026-03-28 12:03:58	1	2	1	0
     3583	2026-03-28 12:05:15	1	2	1	0
     3583	2026-03-28 12:05:19	1	2	1	0
      283	2026-03-28 12:06:35	1	2	1	0
      283	2026-03-28 12:06:39	1	2	1	0
    36963	2026-03-28 12:21:02	1	2	1	0
    36963	2026-03-28 12:21:07	1	2	1	0
    41778	2026-03-28 12:22:01	1	2	1	0
    41778	2026-03-28 12:22:04	1	2	1	0
     4948	2026-03-28 12:27:00	1	2	1	0
     4948	2026-03-28 12:27:02	1	2	1	0
    33223	2026-03-28 12:30:40	1	2	1	0
    36963	2026-03-28 12:31:03	1	3	1	0
    36963	2026-03-28 12:31:06	1	3	1	0
     1003	2026-03-28 12:31:33	1	3	1	0
     1003	2026-03-28 12:31:37	1	3	1	0
     3583	2026-03-28 12:31:44	1	3	1	0
     3583	2026-03-28 12:31:48	1	3	1	0
     4948	2026-03-28 12:32:18	1	3	1	0
     4948	2026-03-28 12:32:20	1	3	1	0
     7069	2026-03-28 12:32:25	1	3	1	0
    41778	2026-03-28 12:38:16	1	3	1	0
    41778	2026-03-28 12:38:18	1	3	1	0
     5570	2026-03-28 12:46:01	1	3	1	0
    33223	2026-03-28 12:47:58	1	3	1	0
     2640	2026-03-28 12:48:51	1	3	1	0
     2640	2026-03-28 12:48:54	1	3	1	0
    52071	2026-03-28 12:57:39	1	3	1	0
    32171	2026-03-28 13:49:11	1	3	1	0
    32171	2026-03-28 13:49:15	1	3	1	0
    32171	2026-03-28 13:49:19	1	3	1	0
     3583	2026-03-28 17:01:23	1	1	1	0
     3583	2026-03-28 17:01:28	1	1	1	0
     5570	2026-03-28 17:01:36	1	1	1	0
     5570	2026-03-28 17:01:40	1	1	1	0
     1003	2026-03-28 17:02:37	1	1	1	0
     1003	2026-03-28 17:02:41	1	1	1	0
     1003	2026-03-28 17:02:44	1	1	1	0
    41778	2026-03-28 17:03:39	1	1	1	0
    41778	2026-03-28 17:03:42	1	1	1	0
      342	2026-03-28 17:04:28	1	1	1	0
      342	2026-03-28 17:04:31	1	1	1	0
     5329	2026-03-28 17:09:29	1	1	1	0
     5329	2026-03-28 17:09:31	1	1	1	0
     5437	2026-03-28 17:10:35	1	1	1	0
      283	2026-03-28 17:20:16	1	1	1	0
      283	2026-03-28 17:20:20	1	1	1	0
      246	2026-03-28 17:20:24	1	1	1	0
      246	2026-03-28 17:20:27	1	1	1	0
    52071	2026-03-28 17:24:12	1	1	1	0
     4948	2026-03-28 17:25:17	1	1	1	0
     4948	2026-03-28 17:25:20	1	1	1	0
    25346	2026-03-28 17:57:09	1	1	1	0
     7069	2026-03-28 17:57:11	1	1	1	0
    25346	2026-03-28 17:57:16	1	1	1	0
    13229	2026-03-28 18:06:37	1	1	1	0
    33223	2026-03-28 18:28:11	1	1	1	0
     2640	2026-03-28 18:53:39	1	1	1	0
     2640	2026-03-28 18:53:41	1	1	1	0
    36963	2026-03-28 19:06:57	1	1	1	0
    36963	2026-03-28 19:07:01	1	1	1	0
    31520	2026-03-28 19:12:03	1	1	1	0
    31520	2026-03-28 19:12:07	1	1	1	0
    32171	2026-03-28 22:00:04	1	1	1	0
    32171	2026-03-28 22:00:10	1	1	1	0
    32171	2026-03-28 22:00:14	1	1	1	0
    22276	2026-03-29 04:39:30	1	0	1	0
    31520	2026-03-29 04:52:25	1	0	1	0
    31520	2026-03-29 04:52:29	1	0	1	0
     4273	2026-03-29 04:58:35	1	0	1	0
     4273	2026-03-29 04:58:37	1	0	1	0
    19709	2026-03-29 05:14:57	1	0	1	0
