14003	2026-03-02 06:15:55	58	0	1	0
52136	2026-03-02 06:47:25	58	0	1	0
52136	2026-03-02 06:47:31	58	0	1	0
 2787	2026-03-02 07:00:08	58	0	1	0
 7749	2026-03-02 07:26:21	58	0	1	0
32149	2026-03-02 07:32:09	58	0	1	0
 9691	2026-03-02 07:33:22	58	0	1	0
39155	2026-03-02 07:33:38	58	0	1	0
 9757	2026-03-02 07:35:06	58	0	1	0
41584	2026-03-02 07:35:56	58	0	1	0
39095	2026-03-02 07:36:36	58	0	1	0
49409	2026-03-02 07:41:14	58	0	1	0
 4493	2026-03-02 07:41:22	58	0	1	0
 3261	2026-03-02 07:43:07	58	0	1	0
 3261	2026-03-02 07:43:09	58	0	1	0
15762	2026-03-02 07:44:04	58	0	1	0
53710	2026-03-02 07:44:52	58	0	1	0
48857	2026-03-02 07:45:06	58	0	1	0
15341	2026-03-02 07:46:05	58	0	1	0
 4935	2026-03-02 07:46:33	58	0	1	0
  678	2026-03-02 07:46:40	58	0	1	0
46442	2026-03-02 07:48:12	58	0	1	0
46442	2026-03-02 07:48:15	58	0	1	0
52020	2026-03-02 07:49:06	58	0	1	0
 4229	2026-03-02 07:49:09	58	0	1	0
49347	2026-03-02 07:50:09	58	0	1	0
34439	2026-03-02 07:50:26	58	0	1	0
 5718	2026-03-02 07:50:32	58	0	1	0
36923	2026-03-02 07:51:21	58	0	1	0
22651	2026-03-02 07:52:47	58	0	1	0
16829	2026-03-02 07:52:59	58	0	1	0
  499	2026-03-02 07:53:14	58	0	1	0
31315	2026-03-02 07:54:36	58	0	1	0
 4844	2026-03-02 07:54:49	58	0	1	0
14676	2026-03-02 07:55:40	58	0	1	0
39851	2026-03-02 07:56:42	58	0	1	0
22540	2026-03-02 07:56:49	58	0	1	0
13638	2026-03-02 07:58:53	58	0	1	0
21782	2026-03-02 08:04:43	58	0	1	0
18612	2026-03-02 08:13:29	58	0	1	0
22276	2026-03-02 11:58:21	58	2	1	0
22276	2026-03-02 12:01:04	58	3	1	0
13638	2026-03-02 12:01:12	58	2	1	0
49409	2026-03-02 12:01:17	58	2	1	0
34439	2026-03-02 12:01:22	58	2	1	0
16829	2026-03-02 12:01:29	58	2	1	0
22540	2026-03-02 12:01:37	58	2	1	0
53710	2026-03-02 12:01:45	58	2	1	0
  833	2026-03-02 12:01:57	58	2	1	0
 4935	2026-03-02 12:02:04	58	2	1	0
 7749	2026-03-02 12:02:10	58	2	1	0
15762	2026-03-02 12:02:16	58	2	1	0
 9757	2026-03-02 12:02:21	58	2	1	0
39095	2026-03-02 12:02:27	58	2	1	0
39155	2026-03-02 12:03:02	58	2	1	0
 5718	2026-03-02 12:03:09	58	2	1	0
 4229	2026-03-02 12:03:46	58	2	1	0
52020	2026-03-02 12:04:58	58	2	1	0
14003	2026-03-02 12:06:29	58	2	1	0
 4844	2026-03-02 12:06:39	58	2	1	0
 1511	2026-03-02 12:06:47	58	2	1	0
 4935	2026-03-02 12:09:29	58	3	1	0
19709	2026-03-02 12:09:43	58	2	1	0
  678	2026-03-02 12:10:31	58	3	1	0
19709	2026-03-02 12:11:06	58	3	1	0
 4493	2026-03-02 12:13:13	58	2	1	0
39155	2026-03-02 12:15:11	58	3	1	0
53710	2026-03-02 12:16:43	58	3	1	0
31315	2026-03-02 12:20:04	58	2	1	0
32149	2026-03-02 12:20:26	58	2	1	0
32149	2026-03-02 12:20:32	58	2	1	0
18612	2026-03-02 12:20:49	58	2	1	0
41584	2026-03-02 12:20:56	58	2	1	0
14676	2026-03-02 12:21:14	58	2	1	0
49409	2026-03-02 12:21:24	58	3	1	0
  499	2026-03-02 12:21:34	58	2	1	0
52020	2026-03-02 12:21:47	58	3	1	0
36923	2026-03-02 12:22:30	58	2	1	0
  833	2026-03-02 12:25:17	58	2	1	0
 1511	2026-03-02 12:25:34	58	3	1	0
 4229	2026-03-02 12:26:10	58	3	1	0
 7749	2026-03-02 12:27:28	58	3	1	0
15341	2026-03-02 12:32:34	58	2	1	0
 4493	2026-03-02 12:32:41	58	2	1	0
 4493	2026-03-02 12:32:48	58	3	1	0
15762	2026-03-02 12:32:55	58	3	1	0
13638	2026-03-02 12:33:43	58	3	1	0
39095	2026-03-02 12:34:26	58	3	1	0
18612	2026-03-02 12:34:37	58	3	1	0
15341	2026-03-02 12:34:48	58	3	1	0
41584	2026-03-02 12:34:55	58	3	1	0
34439	2026-03-02 12:35:36	58	3	1	0
36923	2026-03-02 12:36:16	58	3	1	0
32149	2026-03-02 12:36:35	58	3	1	0
16829	2026-03-02 12:37:20	58	3	1	0
 4844	2026-03-02 12:39:17	58	3	1	0
14003	2026-03-02 12:39:34	58	3	1	0
 5718	2026-03-02 12:39:51	58	3	1	0
14676	2026-03-02 12:44:43	58	3	1	0
22540	2026-03-02 12:45:18	58	3	1	0
39155	2026-03-02 12:50:01	58	3	1	0
31315	2026-03-02 12:52:14	58	3	1	0
  499	2026-03-02 12:52:35	58	3	1	0
13638	2026-03-02 12:55:55	58	3	1	0
32149	2026-03-02 17:01:55	58	1	1	0
 4493	2026-03-02 17:02:04	58	1	1	0
 5718	2026-03-02 17:02:12	58	1	1	0
16829	2026-03-02 17:02:24	58	1	1	0
15762	2026-03-02 17:02:32	58	1	1	0
15762	2026-03-02 17:02:34	58	1	1	0
 4844	2026-03-02 17:02:42	58	1	1	0
34439	2026-03-02 17:02:50	58	1	1	0
 4229	2026-03-02 17:02:54	58	1	1	0
 4229	2026-03-02 17:02:56	58	1	1	0
49409	2026-03-02 17:03:01	58	1	1	0
49409	2026-03-02 17:03:03	58	1	1	0
 9757	2026-03-02 17:03:09	58	1	1	0
 9757	2026-03-02 17:03:11	58	1	1	0
 1511	2026-03-02 17:03:14	58	1	1	0
39155	2026-03-02 17:03:19	58	1	1	0
15341	2026-03-02 17:03:24	58	1	1	0
41584	2026-03-02 17:03:30	58	1	1	0
36923	2026-03-02 17:03:37	58	1	1	0
14676	2026-03-02 17:03:40	58	1	1	0
 4935	2026-03-02 17:03:47	58	1	1	0
52020	2026-03-02 17:03:50	58	1	1	0
 7749	2026-03-02 17:04:01	58	1	1	0
  499	2026-03-02 17:04:10	58	1	1	0
18612	2026-03-02 17:04:19	58	1	1	0
39095	2026-03-02 17:04:27	58	1	1	0
 9691	2026-03-02 17:04:34	58	1	1	0
14003	2026-03-02 17:04:44	58	1	1	0
22276	2026-03-02 17:05:14	58	1	1	0
13638	2026-03-02 17:07:14	58	1	1	0
22540	2026-03-02 17:07:41	58	1	1	0
  833	2026-03-02 17:09:49	58	1	1	0
14003	2026-03-03 06:38:52	58	0	1	0
 2787	2026-03-03 06:53:34	58	0	1	0
53710	2026-03-03 07:11:28	58	0	1	0
52020	2026-03-03 07:24:28	58	0	1	0
 1511	2026-03-03 07:26:54	58	0	1	0
 7749	2026-03-03 07:32:08	58	0	1	0
 9757	2026-03-03 07:35:44	58	0	1	0
48857	2026-03-03 07:38:48	58	0	1	0
14676	2026-03-03 07:42:03	58	0	1	0
39155	2026-03-03 07:42:31	58	0	1	0
16829	2026-03-03 07:43:57	58	0	1	0
36923	2026-03-03 07:44:06	58	0	1	0
 4844	2026-03-03 07:46:57	58	0	1	0
 3261	2026-03-03 07:48:05	58	0	1	0
 3261	2026-03-03 07:48:07	58	0	1	0
32149	2026-03-03 07:48:15	58	0	1	0
15762	2026-03-03 07:48:38	58	0	1	0
 4229	2026-03-03 07:48:58	58	0	1	0
41584	2026-03-03 07:49:08	58	0	1	0
46442	2026-03-03 07:50:14	58	0	1	0
46442	2026-03-03 07:50:16	58	0	1	0
 9691	2026-03-03 07:51:08	58	0	1	0
  499	2026-03-03 07:52:58	58	0	1	0
 5718	2026-03-03 07:53:05	58	0	1	0
34439	2026-03-03 07:56:32	58	0	1	0
13638	2026-03-03 07:57:00	58	0	1	0
49409	2026-03-03 07:57:55	58	0	1	0
49409	2026-03-03 07:57:57	58	0	1	0
39095	2026-03-03 07:59:08	58	0	1	0
15341	2026-03-03 07:59:21	58	0	1	0
 4493	2026-03-03 07:59:27	58	0	1	0
39851	2026-03-03 07:59:35	58	0	1	0
22540	2026-03-03 07:59:41	58	0	1	0
22651	2026-03-03 08:00:06	58	0	1	0
18612	2026-03-03 08:02:44	58	0	1	0
 4935	2026-03-03 08:05:10	58	0	1	0
  678	2026-03-03 08:05:23	58	0	1	0
49409	2026-03-03 12:01:42	58	2	1	0
49409	2026-03-03 12:01:44	58	2	1	0
 5718	2026-03-03 12:01:57	58	2	1	0
41584	2026-03-03 12:02:10	58	2	1	0
34439	2026-03-03 12:02:20	58	2	1	0
39155	2026-03-03 12:02:27	58	2	1	0
  499	2026-03-03 12:02:34	58	2	1	0
 4844	2026-03-03 12:02:43	58	2	1	0
 4493	2026-03-03 12:02:52	58	2	1	0
52020	2026-03-03 12:02:56	58	2	1	0
16829	2026-03-03 12:03:05	58	2	1	0
 3261	2026-03-03 12:03:15	58	2	1	0
 3261	2026-03-03 12:03:18	58	2	1	0
14676	2026-03-03 12:03:27	58	2	1	0
  678	2026-03-03 12:03:34	58	2	1	0
 9691	2026-03-03 12:03:43	58	2	1	0
22540	2026-03-03 12:03:50	58	2	1	0
32149	2026-03-03 12:04:01	58	2	1	0
14003	2026-03-03 12:04:20	58	2	1	0
13638	2026-03-03 12:04:45	58	2	1	0
39095	2026-03-03 12:05:30	58	2	1	0
 7749	2026-03-03 12:07:16	58	2	1	0
36923	2026-03-03 12:07:37	58	2	1	0
  833	2026-03-03 12:09:14	58	2	1	0
15341	2026-03-03 12:10:47	58	2	1	0
53710	2026-03-03 12:11:26	58	2	1	0
18612	2026-03-03 12:11:52	58	2	1	0
15762	2026-03-03 12:12:19	58	2	1	0
 9757	2026-03-03 12:12:42	58	2	1	0
 9757	2026-03-03 12:12:44	58	2	1	0
 4493	2026-03-03 12:13:01	58	3	1	0
 9691	2026-03-03 12:13:29	58	3	1	0
39851	2026-03-03 12:15:34	58	2	1	0
32149	2026-03-03 12:17:47	58	3	1	0
39155	2026-03-03 12:21:09	58	3	1	0
13638	2026-03-03 12:22:10	58	3	1	0
 4844	2026-03-03 12:22:55	58	3	1	0
 1511	2026-03-03 12:25:22	58	2	1	0
52020	2026-03-03 12:26:34	58	3	1	0
41584	2026-03-03 12:26:48	58	2	1	0
41584	2026-03-03 12:26:57	58	3	1	0
14676	2026-03-03 12:27:37	58	2	1	0
14676	2026-03-03 12:27:44	58	3	1	0
 5718	2026-03-03 12:28:16	58	3	1	0
36923	2026-03-03 12:28:26	58	3	1	0
  833	2026-03-03 12:30:46	58	3	1	0
18612	2026-03-03 12:34:14	58	3	1	0
 1511	2026-03-03 12:36:00	58	3	1	0
34439	2026-03-03 12:36:15	58	3	1	0
19709	2026-03-03 12:36:45	58	2	1	0
15762	2026-03-03 12:37:00	58	3	1	0
19709	2026-03-03 12:37:08	58	3	1	0
16829	2026-03-03 12:37:37	58	3	1	0
15341	2026-03-03 12:41:22	58	3	1	0
15341	2026-03-03 12:41:32	58	3	1	0
39095	2026-03-03 12:45:23	58	3	1	0
 9757	2026-03-03 12:46:40	58	3	1	0
 9757	2026-03-03 12:46:43	58	3	1	0
49409	2026-03-03 12:47:52	58	3	1	0
49409	2026-03-03 12:47:54	58	3	1	0
53710	2026-03-03 12:50:01	58	3	1	0
22540	2026-03-03 12:50:31	58	3	1	0
14003	2026-03-03 12:50:46	58	3	1	0
  499	2026-03-03 12:57:22	58	3	1	0
 7749	2026-03-03 12:57:40	58	3	1	0
22651	2026-03-03 12:58:00	58	3	1	0
 1511	2026-03-03 17:01:04	58	1	1	0
39155	2026-03-03 17:01:07	58	1	1	0
39155	2026-03-03 17:01:09	58	1	1	0
 4229	2026-03-03 17:01:14	58	1	1	0
41584	2026-03-03 17:01:20	58	1	1	0
 4493	2026-03-03 17:01:29	58	1	1	0
 5718	2026-03-03 17:01:41	58	1	1	0
16829	2026-03-03 17:01:53	58	1	1	0
 4935	2026-03-03 17:02:01	58	1	1	0
49409	2026-03-03 17:02:06	58	1	1	0
49409	2026-03-03 17:02:09	58	1	1	0
15762	2026-03-03 17:02:14	58	1	1	0
  833	2026-03-03 17:02:19	58	1	1	0
 9757	2026-03-03 17:02:25	58	1	1	0
 9757	2026-03-03 17:02:27	58	1	1	0
 4844	2026-03-03 17:02:34	58	1	1	0
 7749	2026-03-03 17:02:43	58	1	1	0
52020	2026-03-03 17:02:51	58	1	1	0
  499	2026-03-03 17:02:58	58	1	1	0
34439	2026-03-03 17:03:07	58	1	1	0
53710	2026-03-03 17:03:14	58	1	1	0
32149	2026-03-03 17:03:28	58	1	1	0
39095	2026-03-03 17:03:37	58	1	1	0
18612	2026-03-03 17:03:45	58	1	1	0
14003	2026-03-03 17:03:58	58	1	1	0
36923	2026-03-03 17:04:10	58	1	1	0
22540	2026-03-03 17:04:16	58	1	1	0
 9691	2026-03-03 17:05:26	58	1	1	0
15341	2026-03-03 17:05:42	58	1	1	0
13638	2026-03-03 17:12:20	58	1	1	0
 9757	2026-03-04 05:14:40	58	0	1	0
 9757	2026-03-04 05:14:42	58	0	1	0
14003	2026-03-04 06:49:12	58	0	1	0
 2787	2026-03-04 06:50:10	58	0	1	0
32149	2026-03-04 06:54:38	58	0	1	0
 1511	2026-03-04 07:06:56	58	0	1	0
52020	2026-03-04 07:26:27	58	0	1	0
  833	2026-03-04 07:35:18	58	0	1	0
 7749	2026-03-04 07:39:22	58	0	1	0
15762	2026-03-04 07:42:10	58	0	1	0
 4844	2026-03-04 07:46:18	58	0	1	0
 5718	2026-03-04 07:49:30	58	0	1	0
 9691	2026-03-04 07:49:41	58	0	1	0
 4229	2026-03-04 07:50:39	58	0	1	0
49409	2026-03-04 07:50:58	58	0	1	0
49409	2026-03-04 07:51:00	58	0	1	0
49347	2026-03-04 07:51:43	58	0	1	0
34439	2026-03-04 07:52:17	58	0	1	0
48857	2026-03-04 07:54:10	58	0	1	0
39095	2026-03-04 07:54:37	58	0	1	0
18612	2026-03-04 07:55:19	58	0	1	0
  499	2026-03-04 07:56:05	58	0	1	0
 4493	2026-03-04 07:58:51	58	0	1	0
14676	2026-03-04 08:00:27	58	0	1	0
15341	2026-03-04 08:00:31	58	0	1	0
39851	2026-03-04 08:01:37	58	0	1	0
22540	2026-03-04 08:01:43	58	0	1	0
 4935	2026-03-04 08:01:51	58	0	1	0
  678	2026-03-04 08:02:02	58	0	1	0
39155	2026-03-04 08:02:15	58	0	1	0
36923	2026-03-04 08:04:00	58	0	1	0
53710	2026-03-04 08:04:25	58	0	1	0
22651	2026-03-04 08:07:43	58	0	1	0
41584	2026-03-04 08:08:57	58	0	1	0
15762	2026-03-04 12:01:06	58	2	1	0
 1511	2026-03-04 12:01:13	58	2	1	0
52020	2026-03-04 12:01:17	58	2	1	0
 4493	2026-03-04 12:01:22	58	2	1	0
49409	2026-03-04 12:01:28	58	2	1	0
49409	2026-03-04 12:01:30	58	2	1	0
 5718	2026-03-04 12:01:35	58	2	1	0
34439	2026-03-04 12:02:01	58	2	1	0
32149	2026-03-04 12:02:11	58	2	1	0
 4935	2026-03-04 12:02:20	58	2	1	0
36923	2026-03-04 12:03:04	58	2	1	0
  499	2026-03-04 12:03:18	58	2	1	0
 1511	2026-03-04 12:03:26	58	3	1	0
41584	2026-03-04 12:03:49	58	2	1	0
18612	2026-03-04 12:03:59	58	2	1	0
 4229	2026-03-04 12:04:09	58	2	1	0
31315	2026-03-04 12:04:31	58	2	1	0
39155	2026-03-04 12:04:37	58	2	1	0
53710	2026-03-04 12:05:53	58	1	1	0
  833	2026-03-04 12:06:11	58	1	1	0
  678	2026-03-04 12:07:35	58	2	1	0
  678	2026-03-04 12:07:47	58	3	1	0
22540	2026-03-04 12:07:55	58	3	1	0
 7749	2026-03-04 12:08:04	58	2	1	0
15341	2026-03-04 12:08:30	58	2	1	0
15341	2026-03-04 12:08:33	58	2	1	0
14003	2026-03-04 12:10:58	58	2	1	0
 4844	2026-03-04 12:11:12	58	2	1	0
32149	2026-03-04 12:11:25	58	3	1	0
 4493	2026-03-04 12:11:33	58	3	1	0
22651	2026-03-04 12:11:41	58	2	1	0
22651	2026-03-04 12:11:50	58	3	1	0
39095	2026-03-04 12:12:01	58	2	1	0
 4935	2026-03-04 12:14:59	58	3	1	0
53710	2026-03-04 12:19:10	58	3	1	0
18612	2026-03-04 12:20:29	58	3	1	0
 9691	2026-03-04 12:24:08	58	2	1	0
39095	2026-03-04 12:25:26	58	3	1	0
39155	2026-03-04 12:25:34	58	3	1	0
52020	2026-03-04 12:26:11	58	3	1	0
 9691	2026-03-04 12:27:52	58	3	1	0
 5718	2026-03-04 12:30:27	58	3	1	0
36923	2026-03-04 12:30:37	58	3	1	0
 4229	2026-03-04 12:33:52	58	3	1	0
 4844	2026-03-04 12:38:18	58	3	1	0
15762	2026-03-04 12:38:34	58	3	1	0
14003	2026-03-04 12:38:57	58	3	1	0
49409	2026-03-04 12:39:11	58	3	1	0
49409	2026-03-04 12:39:14	58	3	1	0
34439	2026-03-04 12:39:22	58	3	1	0
 7749	2026-03-04 12:40:14	58	3	1	0
 7749	2026-03-04 12:40:16	58	3	1	0
15341	2026-03-04 12:40:43	58	3	1	0
15341	2026-03-04 12:40:45	58	3	1	0
41584	2026-03-04 12:44:21	58	3	1	0
22540	2026-03-04 12:47:46	58	3	1	0
39851	2026-03-04 12:47:50	58	3	1	0
  499	2026-03-04 12:57:58	58	3	1	0
39155	2026-03-04 17:01:03	58	1	1	0
22276	2026-03-04 17:01:08	58	1	1	0
 4844	2026-03-04 17:01:16	58	1	1	0
41584	2026-03-04 17:01:22	58	1	1	0
 4493	2026-03-04 17:01:29	58	1	1	0
 1511	2026-03-04 17:01:34	58	1	1	0
52020	2026-03-04 17:01:38	58	1	1	0
 4935	2026-03-04 17:01:43	58	1	1	0
  499	2026-03-04 17:01:51	58	1	1	0
15762	2026-03-04 17:01:56	58	1	1	0
39095	2026-03-04 17:02:05	58	1	1	0
 7749	2026-03-04 17:02:19	58	1	1	0
 7749	2026-03-04 17:02:22	58	1	1	0
18612	2026-03-04 17:02:30	58	1	1	0
22540	2026-03-04 17:02:37	58	1	1	0
 9757	2026-03-04 17:02:52	58	1	1	0
 9757	2026-03-04 17:02:54	58	1	1	0
 4229	2026-03-04 17:02:57	58	1	1	0
36923	2026-03-04 17:03:02	58	1	1	0
49409	2026-03-04 17:03:11	58	1	1	0
49409	2026-03-04 17:03:14	58	1	1	0
34439	2026-03-04 17:03:22	58	1	1	0
32149	2026-03-04 17:03:30	58	1	1	0
 9691	2026-03-04 17:03:48	58	1	1	0
16829	2026-03-04 17:04:25	58	1	1	0
 5718	2026-03-04 17:04:31	58	1	1	0
15341	2026-03-04 17:05:17	58	1	1	0
14003	2026-03-05 06:43:09	58	0	1	0
 2787	2026-03-05 06:52:31	58	0	1	0
 7749	2026-03-05 07:24:57	58	0	1	0
 1511	2026-03-05 07:27:44	58	0	1	0
52020	2026-03-05 07:30:18	58	0	1	0
48857	2026-03-05 07:41:25	58	0	1	0
18612	2026-03-05 07:42:41	58	0	1	0
36923	2026-03-05 07:44:47	58	0	1	0
39095	2026-03-05 07:45:28	58	0	1	0
15762	2026-03-05 07:45:44	58	0	1	0
15341	2026-03-05 07:46:24	58	0	1	0
 4844	2026-03-05 07:47:10	58	0	1	0
32149	2026-03-05 07:47:18	58	0	1	0
 4493	2026-03-05 07:48:25	58	0	1	0
16829	2026-03-05 07:49:10	58	0	1	0
 9757	2026-03-05 07:49:21	58	0	1	0
 9757	2026-03-05 07:49:24	58	0	1	0
 4229	2026-03-05 07:51:08	58	0	1	0
41584	2026-03-05 07:52:46	58	0	1	0
41584	2026-03-05 07:52:50	58	0	1	0
 5718	2026-03-05 07:53:04	58	0	1	0
  499	2026-03-05 07:53:11	58	0	1	0
49409	2026-03-05 07:53:29	58	0	1	0
 4935	2026-03-05 07:54:28	58	0	1	0
39155	2026-03-05 07:55:03	58	0	1	0
34439	2026-03-05 07:56:53	58	0	1	0
14676	2026-03-05 07:59:54	58	0	1	0
39851	2026-03-05 08:00:10	58	0	1	0
22540	2026-03-05 08:00:17	58	0	1	0
13638	2026-03-05 08:01:17	58	0	1	0
 2943	2026-03-05 08:01:30	58	0	1	0
53710	2026-03-05 08:07:11	58	0	1	0
 9691	2026-03-05 08:10:17	58	0	1	0
49409	2026-03-05 12:01:04	58	2	1	0
 5718	2026-03-05 12:01:23	58	2	1	0
16829	2026-03-05 12:01:30	58	2	1	0
34439	2026-03-05 12:01:54	58	2	1	0
 4493	2026-03-05 12:02:00	58	2	1	0
52020	2026-03-05 12:02:04	58	2	1	0
22540	2026-03-05 12:02:14	58	2	1	0
15762	2026-03-05 12:02:25	58	2	1	0
14676	2026-03-05 12:02:45	58	2	1	0
  499	2026-03-05 12:02:57	58	2	1	0
53710	2026-03-05 12:03:18	58	2	1	0
 4935	2026-03-05 12:03:29	58	2	1	0
 9757	2026-03-05 12:03:40	58	2	1	0
 9757	2026-03-05 12:03:42	58	2	1	0
 4844	2026-03-05 12:04:24	58	2	1	0
14003	2026-03-05 12:04:57	58	2	1	0
 9691	2026-03-05 12:05:33	58	2	1	0
36923	2026-03-05 12:05:52	58	2	1	0
 4229	2026-03-05 12:06:07	58	2	1	0
39095	2026-03-05 12:06:26	58	2	1	0
32149	2026-03-05 12:06:39	58	2	1	0
  833	2026-03-05 12:06:48	58	2	1	0
 7749	2026-03-05 12:07:17	58	2	1	0
18612	2026-03-05 12:08:05	58	2	1	0
 4935	2026-03-05 12:11:22	58	3	1	0
  678	2026-03-05 12:11:38	58	2	1	0
41584	2026-03-05 12:11:45	58	2	1	0
52020	2026-03-05 12:12:25	58	3	1	0
49409	2026-03-05 12:14:28	58	3	1	0
32149	2026-03-05 12:14:41	58	3	1	0
 7749	2026-03-05 12:14:49	58	3	1	0
  833	2026-03-05 12:14:56	58	3	1	0
53710	2026-03-05 12:15:41	58	2	1	0
15762	2026-03-05 12:16:38	58	3	1	0
15341	2026-03-05 12:17:06	58	2	1	0
14676	2026-03-05 12:18:37	58	3	1	0
 4229	2026-03-05 12:20:52	58	3	1	0
 4493	2026-03-05 12:30:28	58	3	1	0
 9757	2026-03-05 12:30:37	58	3	1	0
 9757	2026-03-05 12:30:39	58	3	1	0
34439	2026-03-05 12:31:52	58	3	1	0
15341	2026-03-05 12:32:13	58	3	1	0
15341	2026-03-05 12:32:16	58	3	1	0
 5718	2026-03-05 12:32:31	58	3	1	0
18612	2026-03-05 12:32:58	58	3	1	0
13638	2026-03-05 12:33:17	58	2	1	0
39095	2026-03-05 12:33:39	58	3	1	0
16829	2026-03-05 12:35:08	58	3	1	0
14003	2026-03-05 12:40:09	58	3	1	0
 1511	2026-03-05 12:42:04	58	3	1	0
 1511	2026-03-05 12:42:11	58	2	1	0
36923	2026-03-05 12:43:12	58	3	1	0
13638	2026-03-05 12:43:28	58	3	1	0
22540	2026-03-05 12:44:54	58	3	1	0
 4844	2026-03-05 12:46:10	58	3	1	0
 9691	2026-03-05 12:46:18	58	3	1	0
41584	2026-03-05 12:46:26	58	3	1	0
 1511	2026-03-05 12:49:24	58	3	1	0
 1511	2026-03-05 12:49:30	58	3	1	0
22651	2026-03-05 12:57:52	58	3	1	0
  499	2026-03-05 12:58:58	58	3	1	0
13638	2026-03-05 13:00:19	58	3	1	0
49409	2026-03-05 17:01:11	58	1	1	0
 9757	2026-03-05 17:01:16	58	1	1	0
 9757	2026-03-05 17:01:18	58	1	1	0
15762	2026-03-05 17:01:22	58	1	1	0
  833	2026-03-05 17:01:32	58	1	1	0
 1511	2026-03-05 17:01:39	58	1	1	0
 4493	2026-03-05 17:01:45	58	1	1	0
41584	2026-03-05 17:01:53	58	1	1	0
14676	2026-03-05 17:01:59	58	1	1	0
 4229	2026-03-05 17:02:06	58	1	1	0
52020	2026-03-05 17:02:11	58	1	1	0
 4844	2026-03-05 17:02:17	58	1	1	0
 4935	2026-03-05 17:02:21	58	1	1	0
36923	2026-03-05 17:02:27	58	1	1	0
34439	2026-03-05 17:02:35	58	1	1	0
 7749	2026-03-05 17:02:42	58	1	1	0
53710	2026-03-05 17:02:52	58	1	1	0
22540	2026-03-05 17:03:03	58	1	1	0
  499	2026-03-05 17:03:13	58	1	1	0
 5718	2026-03-05 17:03:20	58	1	1	0
32149	2026-03-05 17:03:37	58	1	1	0
16829	2026-03-05 17:03:48	58	1	1	0
14003	2026-03-05 17:03:58	58	1	1	0
39095	2026-03-05 17:04:14	58	1	1	0
15341	2026-03-05 17:04:20	58	1	1	0
 9691	2026-03-05 17:05:46	58	1	1	0
39095	2026-03-05 18:08:08	58	1	1	0
13638	2026-03-05 18:09:04	58	1	1	0
14003	2026-03-06 06:26:45	58	0	1	0
 2787	2026-03-06 06:52:14	58	0	1	0
  833	2026-03-06 07:12:26	58	0	1	0
 7749	2026-03-06 07:24:01	58	0	1	0
16829	2026-03-06 07:24:41	58	0	1	0
52020	2026-03-06 07:29:38	58	0	1	0
18612	2026-03-06 07:36:20	58	0	1	0
 1511	2026-03-06 07:37:42	58	0	1	0
 9757	2026-03-06 07:39:00	58	0	1	0
 9757	2026-03-06 07:39:03	58	0	1	0
 4935	2026-03-06 07:41:12	58	0	1	0
32149	2026-03-06 07:42:25	58	0	1	0
 9691	2026-03-06 07:43:58	58	0	1	0
 4493	2026-03-06 07:45:21	58	0	1	0
15762	2026-03-06 07:48:05	58	0	1	0
 4229	2026-03-06 07:49:54	58	0	1	0
 4844	2026-03-06 07:50:09	58	0	1	0
39095	2026-03-06 07:52:04	58	0	1	0
 5718	2026-03-06 07:52:43	58	0	1	0
 3261	2026-03-06 07:52:49	58	0	1	0
 3261	2026-03-06 07:52:52	58	0	1	0
 3261	2026-03-06 07:52:54	58	0	1	0
34439	2026-03-06 07:56:14	58	0	1	0
15341	2026-03-06 07:57:04	58	0	1	0
53710	2026-03-06 07:57:53	58	0	1	0
39851	2026-03-06 07:59:59	58	0	1	0
22540	2026-03-06 08:00:06	58	0	1	0
49409	2026-03-06 08:00:11	58	0	1	0
49409	2026-03-06 08:00:18	58	0	1	0
41584	2026-03-06 08:00:27	58	0	1	0
14676	2026-03-06 08:00:34	58	0	1	0
  499	2026-03-06 08:00:40	58	0	1	0
36923	2026-03-06 08:04:20	58	0	1	0
22276	2026-03-06 09:11:13	58	2	1	0
52136	2026-03-06 12:00:39	58	2	1	0
36923	2026-03-06 12:01:05	58	2	1	0
52136	2026-03-06 12:01:22	58	2	1	0
13638	2026-03-06 12:01:31	58	2	1	0
49409	2026-03-06 12:01:35	58	2	1	0
 1511	2026-03-06 12:01:42	58	2	1	0
34439	2026-03-06 12:01:49	58	2	1	0
15762	2026-03-06 12:01:53	58	2	1	0
 4493	2026-03-06 12:01:59	58	2	1	0
  833	2026-03-06 12:02:05	58	2	1	0
14676	2026-03-06 12:02:33	58	2	1	0
  499	2026-03-06 12:02:40	58	2	1	0
22540	2026-03-06 12:02:47	58	2	1	0
 4229	2026-03-06 12:02:51	58	2	1	0
53710	2026-03-06 12:03:07	58	2	1	0
32149	2026-03-06 12:03:25	58	2	1	0
41584	2026-03-06 12:03:32	58	2	1	0
14003	2026-03-06 12:03:52	58	2	1	0
52020	2026-03-06 12:04:01	58	2	1	0
  678	2026-03-06 12:04:16	58	2	1	0
52136	2026-03-06 12:05:02	58	3	1	0
 4844	2026-03-06 12:05:12	58	2	1	0
 4935	2026-03-06 12:05:50	58	2	1	0
 3261	2026-03-06 12:06:48	58	3	1	0
 3261	2026-03-06 12:06:50	58	3	1	0
 9691	2026-03-06 12:07:20	58	2	1	0
39851	2026-03-06 12:09:57	58	2	1	0
 4493	2026-03-06 12:10:07	58	3	1	0
31315	2026-03-06 12:11:20	58	2	1	0
49409	2026-03-06 12:13:17	58	3	1	0
 4935	2026-03-06 12:13:24	58	3	1	0
  678	2026-03-06 12:13:31	58	3	1	0
32149	2026-03-06 12:13:44	58	3	1	0
39095	2026-03-06 12:16:12	58	2	1	0
18612	2026-03-06 12:16:26	58	2	1	0
53710	2026-03-06 12:18:40	58	3	1	0
52020	2026-03-06 12:20:02	58	3	1	0
14676	2026-03-06 12:21:12	58	3	1	0
41584	2026-03-06 12:25:37	58	3	1	0
22540	2026-03-06 12:27:41	58	3	1	0
 9691	2026-03-06 12:29:41	58	3	1	0
 4229	2026-03-06 12:30:09	58	3	1	0
 4844	2026-03-06 12:32:36	58	3	1	0
14003	2026-03-06 12:36:38	58	3	1	0
39095	2026-03-06 12:37:29	58	3	1	0
 7749	2026-03-06 12:37:40	58	2	1	0
15341	2026-03-06 12:37:50	58	2	1	0
 1511	2026-03-06 12:37:59	58	3	1	0
  833	2026-03-06 12:38:07	58	3	1	0
18612	2026-03-06 12:38:20	58	3	1	0
36923	2026-03-06 12:41:02	58	3	1	0
 7749	2026-03-06 12:41:57	58	3	1	0
15341	2026-03-06 12:42:06	58	3	1	0
34439	2026-03-06 12:42:33	58	3	1	0
15762	2026-03-06 12:46:58	58	3	1	0
13638	2026-03-06 12:50:02	58	3	1	0
  499	2026-03-06 12:57:05	58	3	1	0
 4844	2026-03-06 17:01:21	58	1	1	0
 1511	2026-03-06 17:01:44	58	1	1	0
14003	2026-03-06 17:02:19	58	1	1	0
 9691	2026-03-06 17:02:31	58	1	1	0
 4935	2026-03-06 17:02:53	58	1	1	0
 7749	2026-03-06 17:02:59	58	1	1	0
  499	2026-03-06 17:03:10	58	1	1	0
 4229	2026-03-06 17:03:16	58	1	1	0
 4493	2026-03-06 17:03:22	58	1	1	0
15762	2026-03-06 17:03:28	58	1	1	0
14676	2026-03-06 17:04:22	58	1	1	0
52020	2026-03-06 17:04:28	58	1	1	0
18612	2026-03-06 17:04:35	58	1	1	0
41584	2026-03-06 17:05:13	58	1	1	0
32149	2026-03-06 17:05:28	58	1	1	0
36923	2026-03-06 17:06:00	58	1	1	0
22540	2026-03-06 17:06:07	58	1	1	0
39095	2026-03-06 17:06:28	58	1	1	0
15341	2026-03-06 17:07:10	58	1	1	0
49409	2026-03-06 17:07:26	58	1	1	0
22276	2026-03-06 17:07:41	58	1	1	0
34439	2026-03-06 17:07:51	58	1	1	0
13638	2026-03-06 17:10:21	58	1	1	0
 9757	2026-03-06 21:22:16	58	1	1	0
 9757	2026-03-07 07:51:57	58	0	1	0
 9757	2026-03-07 07:52:04	58	0	1	0
16829	2026-03-07 07:55:46	58	0	1	0
 9757	2026-03-07 12:34:50	58	2	1	0
 9757	2026-03-07 12:44:53	58	3	1	0
 9757	2026-03-07 12:45:27	58	2	1	0
 9757	2026-03-07 12:50:14	58	3	1	0
16829	2026-03-08 04:22:10	58	0	1	0
16829	2026-03-08 21:57:26	58	1	1	0
14003	2026-03-09 06:17:25	58	0	1	0
  833	2026-03-09 06:17:48	58	0	1	0
15762	2026-03-09 06:28:56	58	0	1	0
49409	2026-03-09 06:37:02	58	0	1	0
 9691	2026-03-09 06:40:17	58	0	1	0
34439	2026-03-09 06:40:46	58	0	1	0
52136	2026-03-09 06:42:44	58	0	1	0
52136	2026-03-09 06:42:48	58	0	1	0
 4229	2026-03-09 06:45:47	58	0	1	0
 5718	2026-03-09 06:47:56	58	0	1	0
 9757	2026-03-09 06:49:10	58	0	1	0
32149	2026-03-09 06:49:38	58	0	1	0
 4493	2026-03-09 06:54:20	58	0	1	0
14676	2026-03-09 06:56:22	58	0	1	0
  499	2026-03-09 06:58:32	58	0	1	0
53710	2026-03-09 06:59:31	58	0	1	0
 2787	2026-03-09 07:00:09	58	0	1	0
13638	2026-03-09 07:02:10	58	0	1	0
36923	2026-03-09 07:02:29	58	0	1	0
52020	2026-03-09 07:02:38	58	0	1	0
39095	2026-03-09 07:03:32	58	0	1	0
 4844	2026-03-09 07:03:57	58	0	1	0
22540	2026-03-09 07:04:14	58	0	1	0
18612	2026-03-09 07:06:53	58	0	1	0
 4935	2026-03-09 07:07:48	58	0	1	0
39155	2026-03-09 07:13:52	58	0	1	0
15341	2026-03-09 07:16:36	58	0	1	0
 7749	2026-03-09 07:18:37	58	0	1	0
16829	2026-03-09 07:20:21	58	0	1	0
41584	2026-03-09 07:40:55	58	0	1	0
 1511	2026-03-09 07:54:30	58	3	1	0
22276	2026-03-09 09:01:28	58	2	1	0
52020	2026-03-09 12:01:55	58	2	1	0
15762	2026-03-09 12:02:01	58	2	1	0
16829	2026-03-09 12:02:16	58	2	1	0
14003	2026-03-09 12:02:28	58	2	1	0
  833	2026-03-09 12:02:39	58	2	1	0
 4844	2026-03-09 12:02:50	58	2	1	0
 9757	2026-03-09 12:02:55	58	2	1	0
 9757	2026-03-09 12:02:58	58	2	1	0
 7749	2026-03-09 12:03:09	58	2	1	0
 4935	2026-03-09 12:03:17	58	2	1	0
49409	2026-03-09 12:03:22	58	2	1	0
41584	2026-03-09 12:03:28	58	2	1	0
 4493	2026-03-09 12:03:38	58	2	1	0
 5718	2026-03-09 12:03:47	58	2	1	0
14676	2026-03-09 12:03:57	58	2	1	0
 1511	2026-03-09 12:04:06	58	2	1	0
18612	2026-03-09 12:04:15	58	2	1	0
53710	2026-03-09 12:04:26	58	2	1	0
39095	2026-03-09 12:04:42	58	2	1	0
39155	2026-03-09 12:04:54	58	2	1	0
31315	2026-03-09 12:05:05	58	2	1	0
32149	2026-03-09 12:05:33	58	2	1	0
19709	2026-03-09 12:05:42	58	2	1	0
  499	2026-03-09 12:05:50	58	2	1	0
13638	2026-03-09 12:06:01	58	2	1	0
19709	2026-03-09 12:06:41	58	3	1	0
 9691	2026-03-09 12:07:37	58	2	1	0
34439	2026-03-09 12:12:49	58	2	1	0
 4229	2026-03-09 12:14:33	58	2	1	0
  678	2026-03-09 12:15:00	58	3	1	0
 4935	2026-03-09 12:15:18	58	3	1	0
 4935	2026-03-09 12:15:21	58	3	1	0
53710	2026-03-09 12:17:15	58	3	1	0
15341	2026-03-09 12:18:21	58	2	1	0
31315	2026-03-09 12:23:08	58	3	1	0
39155	2026-03-09 12:23:19	58	3	1	0
36923	2026-03-09 12:24:23	58	2	1	0
14676	2026-03-09 12:24:41	58	3	1	0
14003	2026-03-09 12:25:21	58	3	1	0
  833	2026-03-09 12:25:29	58	3	1	0
 9757	2026-03-09 12:25:37	58	3	1	0
 9757	2026-03-09 12:25:39	58	3	1	0
 5718	2026-03-09 12:25:46	58	3	1	0
52020	2026-03-09 12:26:22	58	3	1	0
16829	2026-03-09 12:26:31	58	3	1	0
32149	2026-03-09 12:27:27	58	3	1	0
22540	2026-03-09 12:30:41	58	2	1	0
41584	2026-03-09 12:31:30	58	3	1	0
 1511	2026-03-09 12:36:48	58	3	1	0
 7749	2026-03-09 12:39:30	58	3	1	0
15762	2026-03-09 12:42:59	58	3	1	0
49409	2026-03-09 12:43:05	58	3	1	0
 4229	2026-03-09 12:48:05	58	3	1	0
  499	2026-03-09 12:48:24	58	3	1	0
34439	2026-03-09 12:49:16	58	3	1	0
39851	2026-03-09 12:50:20	58	3	1	0
22540	2026-03-09 12:50:27	58	3	1	0
 9691	2026-03-09 12:51:41	58	3	1	0
 4493	2026-03-09 12:51:56	58	3	1	0
 4844	2026-03-09 12:52:03	58	3	1	0
15341	2026-03-09 12:52:34	58	3	1	0
13638	2026-03-09 12:52:47	58	3	1	0
39095	2026-03-09 12:52:55	58	3	1	0
39095	2026-03-09 12:52:57	58	3	1	0
18612	2026-03-09 12:55:42	58	3	1	0
36923	2026-03-09 12:56:51	58	3	1	0
22276	2026-03-09 17:01:49	58	1	1	0
 9757	2026-03-09 18:01:32	58	1	1	0
 9757	2026-03-09 18:01:34	58	1	1	0
  833	2026-03-09 18:01:47	58	1	1	0
 7749	2026-03-09 18:01:54	58	3	1	0
36923	2026-03-09 18:02:05	58	1	1	0
 5718	2026-03-09 18:02:09	58	1	1	0
14676	2026-03-09 18:02:15	58	1	1	0
 4493	2026-03-09 18:02:21	58	1	1	0
39095	2026-03-09 18:02:27	58	1	1	0
 4844	2026-03-09 18:02:34	58	1	1	0
49409	2026-03-09 18:02:39	58	1	1	0
15762	2026-03-09 18:02:43	58	1	1	0
41584	2026-03-09 18:02:49	58	1	1	0
 1511	2026-03-09 18:02:58	58	1	1	0
 9691	2026-03-09 18:03:05	58	1	1	0
18612	2026-03-09 18:03:12	58	1	1	0
 4229	2026-03-09 18:03:18	58	1	1	0
34439	2026-03-09 18:03:26	58	1	1	0
52020	2026-03-09 18:03:31	58	1	1	0
39155	2026-03-09 18:03:36	58	1	1	0
 4935	2026-03-09 18:03:42	58	1	1	0
31315	2026-03-09 18:03:48	58	1	1	0
  499	2026-03-09 18:03:54	58	1	1	0
32149	2026-03-09 18:04:03	58	1	1	0
15341	2026-03-09 18:04:08	58	1	1	0
14003	2026-03-09 18:04:16	58	1	1	0
22540	2026-03-09 18:04:22	58	1	1	0
39851	2026-03-09 18:04:31	58	1	1	0
13638	2026-03-09 18:04:42	58	1	1	0
14003	2026-03-10 06:19:36	58	0	1	0
52136	2026-03-10 06:23:36	58	0	1	0
52136	2026-03-10 06:23:44	58	0	1	0
52136	2026-03-10 06:23:46	58	0	1	0
53710	2026-03-10 06:24:24	58	0	1	0
 4935	2026-03-10 06:26:43	58	0	1	0
  678	2026-03-10 06:27:09	58	0	1	0
52020	2026-03-10 06:28:33	58	0	1	0
 7749	2026-03-10 06:40:50	58	0	1	0
15762	2026-03-10 06:41:17	58	0	1	0
49409	2026-03-10 06:41:23	58	0	1	0
18612	2026-03-10 06:45:12	58	0	1	0
32149	2026-03-10 06:48:10	58	0	1	0
 4229	2026-03-10 06:52:23	58	0	1	0
34439	2026-03-10 06:54:37	58	0	1	0
 2943	2026-03-10 06:56:39	58	0	1	0
39095	2026-03-10 06:56:54	58	0	1	0
  499	2026-03-10 06:57:03	58	0	1	0
 2787	2026-03-10 06:57:14	58	0	1	0
14676	2026-03-10 06:58:05	58	0	1	0
 1511	2026-03-10 06:59:17	58	0	1	0
36923	2026-03-10 06:59:35	58	0	1	0
39851	2026-03-10 07:00:05	58	0	1	0
22540	2026-03-10 07:00:13	58	0	1	0
 4493	2026-03-10 07:01:41	58	0	1	0
13638	2026-03-10 07:02:21	58	0	1	0
39155	2026-03-10 07:02:31	58	0	1	0
 5718	2026-03-10 07:02:42	58	0	1	0
 9757	2026-03-10 07:03:46	58	0	1	0
41584	2026-03-10 07:03:52	58	0	1	0
15341	2026-03-10 07:05:23	58	0	1	0
 4844	2026-03-10 07:16:51	58	0	1	0
48857	2026-03-10 07:47:07	58	0	1	0
49409	2026-03-10 12:01:16	58	2	1	0
32149	2026-03-10 12:01:29	58	2	1	0
52020	2026-03-10 12:01:38	58	2	1	0
31315	2026-03-10 12:01:45	58	2	1	0
 4493	2026-03-10 12:01:51	58	2	1	0
36923	2026-03-10 12:01:59	58	2	1	0
13638	2026-03-10 12:02:07	58	2	1	0
39155	2026-03-10 12:02:15	58	2	1	0
14676	2026-03-10 12:02:19	58	2	1	0
53710	2026-03-10 12:02:28	58	2	1	0
  833	2026-03-10 12:02:38	58	2	1	0
22540	2026-03-10 12:02:45	58	2	1	0
 3261	2026-03-10 12:03:34	58	3	1	0
 3261	2026-03-10 12:03:36	58	3	1	0
  499	2026-03-10 12:03:57	58	2	1	0
 4844	2026-03-10 12:04:14	58	2	1	0
34439	2026-03-10 12:06:21	58	2	1	0
52020	2026-03-10 12:06:38	58	3	1	0
 1511	2026-03-10 12:07:18	58	2	1	0
41584	2026-03-10 12:07:36	58	2	1	0
14003	2026-03-10 12:08:34	58	2	1	0
19709	2026-03-10 12:08:55	58	2	1	0
 7749	2026-03-10 12:09:14	58	2	1	0
13638	2026-03-10 12:09:29	58	3	1	0
19709	2026-03-10 12:10:20	58	3	1	0
32149	2026-03-10 12:13:15	58	3	1	0
22651	2026-03-10 12:14:13	58	2	1	0
31315	2026-03-10 12:14:23	58	3	1	0
15762	2026-03-10 12:15:49	58	2	1	0
36923	2026-03-10 12:17:50	58	3	1	0
14676	2026-03-10 12:17:56	58	3	1	0
 1511	2026-03-10 12:23:04	58	3	1	0
14003	2026-03-10 12:23:24	58	3	1	0
  833	2026-03-10 12:23:45	58	2	1	0
 5718	2026-03-10 12:27:36	58	2	1	0
39155	2026-03-10 12:28:55	58	3	1	0
39095	2026-03-10 12:31:05	58	2	1	0
18612	2026-03-10 12:31:14	58	2	1	0
15762	2026-03-10 12:32:58	58	3	1	0
34439	2026-03-10 12:34:30	58	3	1	0
15341	2026-03-10 12:35:10	58	2	1	0
41584	2026-03-10 12:36:49	58	3	1	0
 4493	2026-03-10 12:37:01	58	3	1	0
 4844	2026-03-10 12:37:39	58	3	1	0
39095	2026-03-10 12:39:44	58	3	1	0
49409	2026-03-10 12:41:25	58	3	1	0
15762	2026-03-10 12:41:31	58	3	1	0
22540	2026-03-10 12:43:37	58	3	1	0
39851	2026-03-10 12:43:44	58	3	1	0
15341	2026-03-10 12:46:38	58	3	1	0
 7749	2026-03-10 12:46:56	58	3	1	0
 5718	2026-03-10 12:47:16	58	3	1	0
18612	2026-03-10 12:47:27	58	3	1	0
  499	2026-03-10 12:55:36	58	3	1	0
53710	2026-03-10 13:07:22	58	3	1	0
39155	2026-03-10 18:02:04	58	1	1	0
14003	2026-03-10 18:02:13	58	1	1	0
 4844	2026-03-10 18:02:25	58	1	1	0
 1511	2026-03-10 18:02:33	58	1	1	0
14676	2026-03-10 18:02:39	58	1	1	0
53710	2026-03-10 18:02:50	58	1	1	0
  833	2026-03-10 18:02:58	58	1	1	0
52020	2026-03-10 18:03:03	58	1	1	0
 4229	2026-03-10 18:03:13	58	1	1	0
41584	2026-03-10 18:03:19	58	1	1	0
39095	2026-03-10 18:03:26	58	1	1	0
  499	2026-03-10 18:03:32	58	1	1	0
34439	2026-03-10 18:03:40	58	1	1	0
36923	2026-03-10 18:03:45	58	1	1	0
 4493	2026-03-10 18:03:51	58	1	1	0
15341	2026-03-10 18:03:57	58	1	1	0
 7749	2026-03-10 18:04:10	58	1	1	0
 4935	2026-03-10 18:04:18	58	1	1	0
32149	2026-03-10 18:04:33	58	1	1	0
49409	2026-03-10 18:04:37	58	1	1	0
18612	2026-03-10 18:04:47	58	1	1	0
22540	2026-03-10 18:04:53	58	1	1	0
15762	2026-03-10 18:04:57	58	1	1	0
 9757	2026-03-10 18:05:04	58	1	1	0
39851	2026-03-10 18:05:12	58	1	1	0
 5718	2026-03-10 18:06:25	58	1	1	0
31315	2026-03-10 18:06:41	58	1	1	0
13638	2026-03-10 18:07:08	58	1	1	0
52020	2026-03-11 06:09:23	58	0	1	0
14003	2026-03-11 06:19:31	58	0	1	0
  833	2026-03-11 06:31:05	58	0	1	0
53710	2026-03-11 06:32:02	58	0	1	0
 7749	2026-03-11 06:34:46	58	0	1	0
 1511	2026-03-11 06:39:40	58	0	1	0
15762	2026-03-11 06:40:31	58	0	1	0
 9691	2026-03-11 06:45:06	58	0	1	0
 4935	2026-03-11 06:45:17	58	0	1	0
 4935	2026-03-11 06:45:28	58	0	1	0
32149	2026-03-11 06:46:57	58	0	1	0
 9757	2026-03-11 06:48:20	58	0	1	0
 9757	2026-03-11 06:48:46	58	0	1	0
34439	2026-03-11 06:49:31	58	0	1	0
 4229	2026-03-11 06:49:59	58	0	1	0
49409	2026-03-11 06:51:15	58	0	1	0
 4493	2026-03-11 06:51:50	58	0	1	0
 5718	2026-03-11 06:53:09	58	0	1	0
36923	2026-03-11 06:54:45	58	0	1	0
  499	2026-03-11 06:55:51	58	0	1	0
39851	2026-03-11 06:55:59	58	0	1	0
22540	2026-03-11 06:56:07	58	0	1	0
18612	2026-03-11 06:58:39	58	0	1	0
13638	2026-03-11 06:58:47	58	0	1	0
 2943	2026-03-11 06:59:31	58	0	1	0
14676	2026-03-11 06:59:37	58	0	1	0
39095	2026-03-11 07:02:32	58	0	1	0
39155	2026-03-11 07:02:42	58	0	1	0
41584	2026-03-11 07:02:54	58	0	1	0
15341	2026-03-11 07:05:06	58	0	1	0
 4844	2026-03-11 07:06:10	58	0	1	0
22651	2026-03-11 07:07:01	58	0	1	0
48857	2026-03-11 07:49:19	58	0	1	0
22276	2026-03-11 09:16:11	58	2	1	0
22540	2026-03-11 12:01:25	58	2	1	0
49409	2026-03-11 12:01:41	58	2	1	0
32149	2026-03-11 12:01:52	58	2	1	0
36923	2026-03-11 12:02:01	58	2	1	0
53710	2026-03-11 12:02:11	58	2	1	0
  833	2026-03-11 12:02:20	58	2	1	0
 4935	2026-03-11 12:02:27	58	2	1	0
52020	2026-03-11 12:02:33	58	2	1	0
13638	2026-03-11 12:02:40	58	2	1	0
15341	2026-03-11 12:02:45	58	2	1	0
 4493	2026-03-11 12:02:51	58	2	1	0
 4844	2026-03-11 12:02:59	58	2	1	0
14003	2026-03-11 12:03:05	58	2	1	0
31315	2026-03-11 12:03:14	58	2	1	0
  499	2026-03-11 12:03:19	58	2	1	0
39155	2026-03-11 12:03:25	58	2	1	0
14676	2026-03-11 12:03:33	58	2	1	0
18612	2026-03-11 12:03:45	58	2	1	0
34439	2026-03-11 12:03:59	58	2	1	0
 4229	2026-03-11 12:05:04	58	2	1	0
 7749	2026-03-11 12:06:20	58	2	1	0
39095	2026-03-11 12:08:20	58	2	1	0
  678	2026-03-11 12:09:14	58	3	1	0
 4935	2026-03-11 12:09:23	58	3	1	0
19709	2026-03-11 12:09:36	58	2	1	0
19709	2026-03-11 12:10:59	58	3	1	0
32149	2026-03-11 12:13:38	58	3	1	0
52020	2026-03-11 12:13:57	58	3	1	0
39155	2026-03-11 12:14:03	58	3	1	0
39155	2026-03-11 12:14:05	58	3	1	0
31315	2026-03-11 12:14:13	58	3	1	0
13638	2026-03-11 12:14:43	58	3	1	0
53710	2026-03-11 12:14:52	58	3	1	0
 9691	2026-03-11 12:15:49	58	2	1	0
 4844	2026-03-11 12:18:41	58	3	1	0
14676	2026-03-11 12:19:45	58	3	1	0
  833	2026-03-11 12:23:27	58	2	1	0
 7749	2026-03-11 12:24:14	58	3	1	0
41584	2026-03-11 12:24:30	58	2	1	0
36923	2026-03-11 12:26:06	58	0	1	0
 9691	2026-03-11 12:32:57	58	3	1	0
 4493	2026-03-11 12:33:38	58	3	1	0
49409	2026-03-11 12:37:57	58	3	1	0
18612	2026-03-11 12:39:07	58	3	1	0
39095	2026-03-11 12:39:21	58	3	1	0
15341	2026-03-11 12:45:26	58	3	1	0
41584	2026-03-11 12:46:13	58	3	1	0
 4844	2026-03-11 12:47:05	58	3	1	0
 4229	2026-03-11 12:47:11	58	3	1	0
 1511	2026-03-11 12:49:17	58	2	1	0
 1511	2026-03-11 12:49:19	58	2	1	0
34439	2026-03-11 12:50:16	58	3	1	0
14003	2026-03-11 12:51:25	58	3	1	0
22540	2026-03-11 12:55:05	58	3	1	0
  499	2026-03-11 12:55:47	58	3	1	0
 1511	2026-03-11 12:58:39	58	3	1	0
22276	2026-03-11 17:01:03	58	1	1	0
 9691	2026-03-11 17:04:00	58	1	1	0
42586	2026-03-11 17:57:00	58	1	1	0
39155	2026-03-11 18:01:04	58	1	1	0
14003	2026-03-11 18:01:14	58	1	1	0
 1511	2026-03-11 18:01:23	58	1	1	0
 1511	2026-03-11 18:01:27	58	1	1	0
32149	2026-03-11 18:01:35	58	1	1	0
  833	2026-03-11 18:01:40	58	1	1	0
 4493	2026-03-11 18:01:47	58	1	1	0
39095	2026-03-11 18:01:54	58	1	1	0
15341	2026-03-11 18:02:01	58	1	1	0
 4229	2026-03-11 18:02:05	58	1	1	0
 4844	2026-03-11 18:02:12	58	1	1	0
41584	2026-03-11 18:02:18	58	1	1	0
52020	2026-03-11 18:02:23	58	1	1	0
 4935	2026-03-11 18:02:29	58	1	1	0
 7749	2026-03-11 18:02:36	58	1	1	0
 7749	2026-03-11 18:02:43	58	1	1	0
18612	2026-03-11 18:02:56	58	1	1	0
22540	2026-03-11 18:03:03	58	1	1	0
36923	2026-03-11 18:03:10	58	1	1	0
31315	2026-03-11 18:03:17	58	1	1	0
  499	2026-03-11 18:03:23	58	1	1	0
 9757	2026-03-11 18:03:32	58	1	1	0
 9757	2026-03-11 18:03:35	58	1	1	0
49409	2026-03-11 18:03:38	58	1	1	0
34439	2026-03-11 18:03:47	58	1	1	0
15762	2026-03-11 18:03:54	58	1	1	0
14676	2026-03-11 18:04:00	58	1	1	0
39851	2026-03-11 18:05:14	58	1	1	0
 5718	2026-03-11 18:06:00	58	1	1	0
13638	2026-03-11 18:06:56	58	1	1	0
14003	2026-03-12 06:12:11	58	0	1	0
52020	2026-03-12 06:12:47	58	0	1	0
52136	2026-03-12 06:25:59	58	0	1	0
52136	2026-03-12 06:26:05	58	0	1	0
 7749	2026-03-12 06:37:25	58	0	1	0
15762	2026-03-12 06:39:54	58	0	1	0
 4229	2026-03-12 06:45:19	58	0	1	0
 2787	2026-03-12 06:46:22	58	0	1	0
34439	2026-03-12 06:47:21	58	0	1	0
53710	2026-03-12 06:47:50	58	0	1	0
32149	2026-03-12 06:48:49	58	0	1	0
 5718	2026-03-12 06:49:24	58	0	1	0
 4493	2026-03-12 06:49:35	58	0	1	0
49409	2026-03-12 06:49:50	58	0	1	0
18612	2026-03-12 06:51:14	58	0	1	0
41584	2026-03-12 06:51:37	58	0	1	0
 9757	2026-03-12 06:55:02	58	0	1	0
 2943	2026-03-12 06:57:40	58	0	1	0
39095	2026-03-12 06:57:46	58	0	1	0
 4844	2026-03-12 06:59:35	58	0	1	0
39851	2026-03-12 07:00:55	58	0	1	0
22540	2026-03-12 07:01:02	58	0	1	0
  499	2026-03-12 07:02:06	58	0	1	0
15341	2026-03-12 07:02:22	58	0	1	0
14676	2026-03-12 07:02:29	58	0	1	0
22651	2026-03-12 07:03:34	58	0	1	0
13638	2026-03-12 07:04:02	58	0	1	0
 1511	2026-03-12 07:04:41	58	0	1	0
36923	2026-03-12 07:05:49	58	0	1	0
36923	2026-03-12 07:05:53	58	0	1	0
 4935	2026-03-12 07:07:00	58	0	1	0
  678	2026-03-12 07:07:07	58	0	1	0
48857	2026-03-12 07:28:17	58	0	1	0
 9691	2026-03-12 07:47:21	58	0	1	0
49347	2026-03-12 07:58:29	58	0	1	0
22276	2026-03-12 09:22:11	58	2	1	0
49409	2026-03-12 12:01:57	58	2	1	0
15762	2026-03-12 12:02:01	58	2	1	0
15341	2026-03-12 12:02:06	58	2	1	0
  499	2026-03-12 12:02:12	58	2	1	0
34439	2026-03-12 12:02:20	58	2	1	0
31315	2026-03-12 12:02:26	58	2	1	0
52020	2026-03-12 12:02:29	58	2	1	0
 4935	2026-03-12 12:02:34	58	2	1	0
 9757	2026-03-12 12:02:38	58	2	1	0
 9757	2026-03-12 12:02:40	58	2	1	0
36923	2026-03-12 12:02:45	58	2	1	0
53710	2026-03-12 12:02:53	58	2	1	0
 4844	2026-03-12 12:03:05	58	2	1	0
22540	2026-03-12 12:03:13	58	2	1	0
32149	2026-03-12 12:03:25	58	2	1	0
 7749	2026-03-12 12:03:41	58	2	1	0
 1511	2026-03-12 12:03:51	58	2	1	0
 4493	2026-03-12 12:04:01	58	2	1	0
19709	2026-03-12 12:04:32	58	2	1	0
  678	2026-03-12 12:05:33	58	1	1	0
14003	2026-03-12 12:05:45	58	2	1	0
 5718	2026-03-12 12:06:23	58	2	1	0
 4229	2026-03-12 12:08:39	58	2	1	0
41584	2026-03-12 12:11:03	58	2	1	0
32149	2026-03-12 12:11:14	58	3	1	0
19709	2026-03-12 12:11:24	58	3	1	0
31315	2026-03-12 12:11:30	58	3	1	0
15762	2026-03-12 12:12:29	58	3	1	0
49409	2026-03-12 12:12:39	58	3	1	0
39095	2026-03-12 12:12:46	58	2	1	0
18612	2026-03-12 12:13:04	58	2	1	0
13638	2026-03-12 12:13:18	58	2	1	0
  499	2026-03-12 12:13:26	58	3	1	0
52020	2026-03-12 12:13:34	58	3	1	0
 9691	2026-03-12 12:14:11	58	2	1	0
 7749	2026-03-12 12:14:56	58	3	1	0
 9757	2026-03-12 12:19:22	58	3	1	0
14676	2026-03-12 12:19:32	58	2	1	0
 1511	2026-03-12 12:19:40	58	3	1	0
14676	2026-03-12 12:23:05	58	3	1	0
 4844	2026-03-12 12:29:58	58	3	1	0
 4493	2026-03-12 12:32:30	58	3	1	0
 4229	2026-03-12 12:33:41	58	3	1	0
13638	2026-03-12 12:34:29	58	3	1	0
 4935	2026-03-12 12:34:35	58	3	1	0
 4935	2026-03-12 12:35:37	58	3	1	0
18612	2026-03-12 12:35:55	58	3	1	0
39095	2026-03-12 12:36:07	58	3	1	0
34439	2026-03-12 12:37:42	58	3	1	0
22540	2026-03-12 12:46:44	58	3	1	0
36923	2026-03-12 12:49:21	58	3	1	0
41584	2026-03-12 12:50:56	58	3	1	0
 9691	2026-03-12 12:52:23	58	3	1	0
15341	2026-03-12 12:52:52	58	3	1	0
14003	2026-03-12 12:53:23	58	3	1	0
53710	2026-03-12 12:58:57	58	3	1	0
 9691	2026-03-12 17:03:28	58	1	1	0
22276	2026-03-12 17:05:39	58	1	1	0
49409	2026-03-12 18:01:05	58	1	1	0
34439	2026-03-12 18:01:15	58	1	1	0
32149	2026-03-12 18:01:23	58	1	1	0
41584	2026-03-12 18:01:30	58	1	1	0
41584	2026-03-12 18:01:33	58	1	1	0
 1511	2026-03-12 18:01:39	58	1	1	0
 4844	2026-03-12 18:01:47	58	1	1	0
14003	2026-03-12 18:01:54	58	1	1	0
52020	2026-03-12 18:01:57	58	1	1	0
 4493	2026-03-12 18:02:04	58	1	1	0
15762	2026-03-12 18:02:07	58	1	1	0
53710	2026-03-12 18:02:16	58	1	1	0
22540	2026-03-12 18:02:31	58	1	1	0
 7749	2026-03-12 18:02:36	58	1	1	0
 4229	2026-03-12 18:02:45	58	1	1	0
18612	2026-03-12 18:02:52	58	1	1	0
 4935	2026-03-12 18:02:58	58	1	1	0
36923	2026-03-12 18:03:05	58	1	1	0
 5718	2026-03-12 18:03:17	58	1	1	0
31315	2026-03-12 18:03:22	58	1	1	0
39095	2026-03-12 18:03:28	58	1	1	0
15341	2026-03-12 18:03:34	58	1	1	0
  499	2026-03-12 18:03:40	58	1	1	0
13638	2026-03-12 18:04:10	58	1	1	0
39851	2026-03-12 18:05:29	58	1	1	0
15762	2026-03-12 18:10:06	58	1	1	0
 9757	2026-03-12 19:14:33	58	1	1	0
41584	2026-03-16 06:23:11	58	0	1	0
14003	2026-03-16 06:23:34	58	0	1	0
 1511	2026-03-16 06:34:26	58	0	1	0
 7749	2026-03-16 06:35:28	58	0	1	0
32149	2026-03-16 06:38:19	58	0	1	0
16829	2026-03-16 06:41:27	58	0	1	0
39155	2026-03-16 06:45:06	58	0	1	0
39095	2026-03-16 06:48:41	58	0	1	0
 2787	2026-03-16 06:49:00	58	0	1	0
53710	2026-03-16 06:52:07	58	0	1	0
 5718	2026-03-16 06:56:14	58	0	1	0
39851	2026-03-16 06:58:07	58	0	1	0
22540	2026-03-16 06:58:13	58	0	1	0
18612	2026-03-16 06:59:43	58	0	1	0
 2055	2026-03-16 06:59:49	58	0	1	0
 2055	2026-03-16 06:59:55	58	0	1	0
 2055	2026-03-16 07:00:01	58	0	1	0
13638	2026-03-16 07:04:41	58	0	1	0
 9757	2026-03-16 07:08:51	58	0	1	0
 9757	2026-03-16 07:08:56	58	0	1	0
 4935	2026-03-16 07:27:25	58	0	1	0
48857	2026-03-16 07:31:50	58	0	1	0
15762	2026-03-16 07:43:49	58	0	1	0
 4229	2026-03-16 07:44:02	58	0	1	0
52020	2026-03-16 07:47:38	58	0	1	0
15341	2026-03-16 07:48:33	58	0	1	0
 4493	2026-03-16 07:50:50	58	0	1	0
49409	2026-03-16 07:53:50	58	0	1	0
34439	2026-03-16 07:54:13	58	0	1	0
 9691	2026-03-16 07:56:42	58	0	1	0
36923	2026-03-16 07:58:08	58	0	1	0
 4844	2026-03-16 07:58:33	58	0	1	0
14676	2026-03-16 07:59:19	58	0	1	0
  499	2026-03-16 08:02:40	58	0	1	0
22276	2026-03-16 09:03:42	58	2	1	0
49409	2026-03-16 12:01:06	58	2	1	0
 4493	2026-03-16 12:01:23	58	2	1	0
15762	2026-03-16 12:01:27	58	2	1	0
16829	2026-03-16 12:01:43	58	2	1	0
 9757	2026-03-16 12:01:54	58	2	1	0
 9757	2026-03-16 12:01:58	58	2	1	0
22276	2026-03-16 12:02:04	58	3	1	0
34439	2026-03-16 12:02:15	58	2	1	0
39095	2026-03-16 12:02:22	58	2	1	0
18612	2026-03-16 12:02:40	58	2	1	0
13638	2026-03-16 12:02:56	58	2	1	0
 4844	2026-03-16 12:03:06	58	2	1	0
53710	2026-03-16 12:03:49	58	2	1	0
39155	2026-03-16 12:04:52	58	2	1	0
 1511	2026-03-16 12:05:15	58	2	1	0
 5718	2026-03-16 12:05:28	58	2	1	0
52020	2026-03-16 12:05:37	58	2	1	0
  499	2026-03-16 12:05:46	58	2	1	0
 4935	2026-03-16 12:05:57	58	2	1	0
 4229	2026-03-16 12:06:50	58	2	1	0
36923	2026-03-16 12:07:01	58	2	1	0
22540	2026-03-16 12:07:16	58	2	1	0
32149	2026-03-16 12:07:26	58	2	1	0
14676	2026-03-16 12:07:36	58	2	1	0
15341	2026-03-16 12:07:43	58	2	1	0
31315	2026-03-16 12:07:49	58	2	1	0
 9691	2026-03-16 12:08:43	58	2	1	0
41584	2026-03-16 12:10:26	58	2	1	0
  678	2026-03-16 12:12:03	58	3	1	0
39155	2026-03-16 12:14:21	58	3	1	0
14676	2026-03-16 12:15:08	58	3	1	0
 4935	2026-03-16 12:19:08	58	3	1	0
 4935	2026-03-16 12:19:13	58	3	1	0
 9757	2026-03-16 12:20:30	58	3	1	0
 9757	2026-03-16 12:20:32	58	3	1	0
22540	2026-03-16 12:20:58	58	3	1	0
14003	2026-03-16 12:23:08	58	2	1	0
 7749	2026-03-16 12:23:17	58	2	1	0
  833	2026-03-16 12:23:31	58	2	1	0
53710	2026-03-16 12:23:41	58	3	1	0
 4844	2026-03-16 12:29:35	58	3	1	0
32149	2026-03-16 12:32:37	58	3	1	0
52020	2026-03-16 12:33:15	58	3	1	0
49409	2026-03-16 12:35:28	58	3	1	0
15762	2026-03-16 12:35:33	58	3	1	0
 1511	2026-03-16 12:36:35	58	3	1	0
41584	2026-03-16 12:36:43	58	3	1	0
  833	2026-03-16 12:36:56	58	3	1	0
 4229	2026-03-16 12:37:25	58	3	1	0
39095	2026-03-16 12:37:39	58	3	1	0
36923	2026-03-16 12:38:41	58	3	1	0
  499	2026-03-16 12:38:57	58	3	1	0
 4493	2026-03-16 12:39:56	58	3	1	0
 7749	2026-03-16 12:42:08	58	3	1	0
34439	2026-03-16 12:42:21	58	3	1	0
18612	2026-03-16 12:42:29	58	3	1	0
13638	2026-03-16 12:42:38	58	3	1	0
16829	2026-03-16 12:42:47	58	3	1	0
 5718	2026-03-16 12:43:02	58	3	1	0
15341	2026-03-16 12:55:12	58	3	1	0
14003	2026-03-16 12:55:51	58	3	1	0
41584	2026-03-16 17:01:16	58	1	1	0
14676	2026-03-16 17:01:22	58	1	1	0
 1511	2026-03-16 17:01:31	58	1	1	0
  833	2026-03-16 17:01:35	58	1	1	0
 4493	2026-03-16 17:01:40	58	1	1	0
 4935	2026-03-16 17:01:46	58	1	1	0
 4935	2026-03-16 17:01:48	58	1	1	0
 9757	2026-03-16 17:01:55	58	1	1	0
 9757	2026-03-16 17:01:57	58	1	1	0
  499	2026-03-16 17:02:02	58	1	1	0
 4229	2026-03-16 17:02:16	58	1	1	0
49409	2026-03-16 17:02:23	58	1	1	0
 5718	2026-03-16 17:02:31	58	1	1	0
 4844	2026-03-16 17:02:42	58	1	1	0
34439	2026-03-16 17:02:52	58	1	1	0
52020	2026-03-16 17:03:19	58	1	1	0
 7749	2026-03-16 17:03:37	58	1	1	0
22276	2026-03-16 17:03:46	58	1	1	0
14003	2026-03-16 17:03:56	58	1	1	0
 9691	2026-03-16 17:04:06	58	1	1	0
36923	2026-03-16 17:07:46	58	1	1	0
15762	2026-03-16 17:08:50	58	1	1	0
15341	2026-03-16 17:59:43	58	1	1	0
22540	2026-03-16 18:01:08	58	1	1	0
39095	2026-03-16 18:01:17	58	1	1	0
18612	2026-03-16 18:01:27	58	1	1	0
16829	2026-03-16 18:01:35	58	1	1	0
32149	2026-03-16 18:02:33	58	1	1	0
13638	2026-03-16 18:03:39	58	1	1	0
13638	2026-03-16 18:07:33	58	1	1	0
39155	2026-03-16 18:22:06	58	1	1	0
14003	2026-03-17 06:12:57	58	0	1	0
16829	2026-03-17 06:35:12	58	0	1	0
41584	2026-03-17 06:36:56	58	0	1	0
 9757	2026-03-17 06:38:25	58	0	1	0
32149	2026-03-17 06:44:56	58	0	1	0
53710	2026-03-17 06:45:13	58	0	1	0
  833	2026-03-17 06:51:07	58	0	1	0
 2787	2026-03-17 06:51:44	58	0	1	0
18612	2026-03-17 06:53:59	58	0	1	0
19709	2026-03-17 06:55:49	58	0	1	0
13638	2026-03-17 06:58:51	58	0	1	0
22651	2026-03-17 06:59:51	58	0	1	0
39095	2026-03-17 07:00:37	58	0	1	0
39851	2026-03-17 07:00:49	58	0	1	0
22540	2026-03-17 07:00:55	58	0	1	0
 7749	2026-03-17 07:13:58	58	0	1	0
52020	2026-03-17 07:29:16	58	0	1	0
15762	2026-03-17 07:32:41	58	0	1	0
 4935	2026-03-17 07:40:55	58	0	1	0
 4229	2026-03-17 07:45:32	58	0	1	0
 4493	2026-03-17 07:50:51	58	0	1	0
49347	2026-03-17 07:51:47	58	0	1	0
49409	2026-03-17 07:51:57	58	0	1	0
 9691	2026-03-17 07:52:59	58	0	1	0
34439	2026-03-17 07:55:42	58	0	1	0
15341	2026-03-17 07:57:41	58	0	1	0
 4844	2026-03-17 07:58:57	58	0	1	0
14676	2026-03-17 07:59:19	58	0	1	0
  499	2026-03-17 08:00:09	58	0	1	0
36923	2026-03-17 08:01:37	58	0	1	0
 1511	2026-03-17 08:01:58	58	0	1	0
 3261	2026-03-17 12:00:26	58	2	1	0
 3261	2026-03-17 12:00:28	58	2	1	0
 4229	2026-03-17 12:01:05	58	2	1	0
 3261	2026-03-17 12:01:15	58	2	1	0
 3261	2026-03-17 12:01:16	58	2	1	0
49409	2026-03-17 12:01:59	58	2	1	0
15762	2026-03-17 12:02:05	58	2	1	0
15762	2026-03-17 12:02:07	58	2	1	0
  499	2026-03-17 12:02:14	58	2	1	0
52020	2026-03-17 12:02:20	58	2	1	0
32149	2026-03-17 12:02:30	58	2	1	0
18612	2026-03-17 12:02:48	58	2	1	0
39095	2026-03-17 12:02:57	58	2	1	0
34439	2026-03-17 12:03:06	58	2	1	0
36923	2026-03-17 12:03:15	58	2	1	0
 4844	2026-03-17 12:03:21	58	2	1	0
14676	2026-03-17 12:03:38	58	2	1	0
 1511	2026-03-17 12:03:46	58	2	1	0
 7749	2026-03-17 12:04:03	58	2	1	0
 4493	2026-03-17 12:04:13	58	2	1	0
41584	2026-03-17 12:04:19	58	2	1	0
14003	2026-03-17 12:04:27	58	2	1	0
  833	2026-03-17 12:04:35	58	2	1	0
15341	2026-03-17 12:04:44	58	2	1	0
13638	2026-03-17 12:04:55	58	2	1	0
 4935	2026-03-17 12:05:01	58	2	1	0
 3261	2026-03-17 12:05:12	58	3	1	0
 3261	2026-03-17 12:05:14	58	3	1	0
16829	2026-03-17 12:06:32	58	2	1	0
 9691	2026-03-17 12:06:54	58	2	1	0
22540	2026-03-17 12:08:57	58	2	1	0
39851	2026-03-17 12:13:12	58	2	1	0
53710	2026-03-17 12:22:38	58	1	1	0
14676	2026-03-17 12:23:27	58	2	1	0
14676	2026-03-17 12:23:37	58	3	1	0
53710	2026-03-17 12:30:44	58	3	1	0
52020	2026-03-17 12:30:56	58	3	1	0
 7749	2026-03-17 12:31:31	58	3	1	0
 1511	2026-03-17 12:34:11	58	3	1	0
  833	2026-03-17 12:34:21	58	3	1	0
 4844	2026-03-17 12:34:31	58	3	1	0
41584	2026-03-17 12:34:38	58	3	1	0
  499	2026-03-17 12:34:47	58	3	1	0
32149	2026-03-17 12:34:59	58	3	1	0
22540	2026-03-17 12:35:29	58	3	1	0
39851	2026-03-17 12:35:35	58	3	1	0
 4935	2026-03-17 12:36:30	58	3	1	0
 4229	2026-03-17 12:37:12	58	3	1	0
14003	2026-03-17 12:37:37	58	3	1	0
 9691	2026-03-17 12:38:19	58	3	1	0
36923	2026-03-17 12:38:32	58	3	1	0
 4493	2026-03-17 12:39:40	58	3	1	0
49409	2026-03-17 12:39:55	58	3	1	0
15762	2026-03-17 12:39:59	58	3	1	0
13638	2026-03-17 12:40:13	58	3	1	0
39095	2026-03-17 12:40:47	58	3	1	0
39095	2026-03-17 12:40:49	58	3	1	0
18612	2026-03-17 12:43:07	58	3	1	0
16829	2026-03-17 12:44:48	58	3	1	0
15341	2026-03-17 12:47:04	58	3	1	0
34439	2026-03-17 12:47:34	58	3	1	0
 4844	2026-03-17 17:02:21	58	1	1	0
  499	2026-03-17 17:02:31	58	1	1	0
14003	2026-03-17 17:02:39	58	1	1	0
 1511	2026-03-17 17:02:53	58	1	1	0
41584	2026-03-17 17:03:00	58	1	1	0
15762	2026-03-17 17:03:09	58	1	1	0
14676	2026-03-17 17:03:17	58	1	1	0
52020	2026-03-17 17:03:25	58	1	1	0
 9691	2026-03-17 17:03:31	58	1	1	0
 7749	2026-03-17 17:03:38	58	1	1	0
 4229	2026-03-17 17:03:52	58	1	1	0
 4935	2026-03-17 17:04:00	58	1	1	0
 4935	2026-03-17 17:04:04	58	1	1	0
 4493	2026-03-17 17:04:12	58	1	1	0
15341	2026-03-17 17:05:38	58	1	1	0
34439	2026-03-17 17:07:33	58	1	1	0
36923	2026-03-17 17:07:40	58	1	1	0
49409	2026-03-17 17:10:32	58	1	1	0
32149	2026-03-17 18:02:46	58	1	1	0
16829	2026-03-17 18:02:58	58	1	1	0
39095	2026-03-17 18:03:08	58	1	1	0
53710	2026-03-17 18:03:15	58	1	1	0
18612	2026-03-17 18:03:30	58	1	1	0
22540	2026-03-17 18:03:41	58	1	1	0
13638	2026-03-17 18:07:58	58	1	1	0
 9757	2026-03-17 18:15:43	58	1	1	0
 9757	2026-03-17 18:15:45	58	1	1	0
14003	2026-03-18 06:20:54	58	0	1	0
16829	2026-03-18 06:39:52	58	0	1	0
32149	2026-03-18 06:46:09	58	0	1	0
39155	2026-03-18 06:49:28	58	0	1	0
 5718	2026-03-18 06:51:59	58	0	1	0
18612	2026-03-18 06:52:51	58	0	1	0
53710	2026-03-18 06:55:59	58	0	1	0
39095	2026-03-18 06:58:44	58	0	1	0
39851	2026-03-18 07:03:07	58	0	1	0
13638	2026-03-18 07:03:11	58	0	1	0
22540	2026-03-18 07:03:18	58	0	1	0
22651	2026-03-18 07:12:19	58	0	1	0
 7749	2026-03-18 07:13:57	58	0	1	0
  833	2026-03-18 07:17:02	58	0	1	0
 9757	2026-03-18 07:23:10	58	0	1	0
 9757	2026-03-18 07:23:13	58	0	1	0
52020	2026-03-18 07:23:31	58	0	1	0
 3261	2026-03-18 07:34:23	58	0	1	0
 3261	2026-03-18 07:34:25	58	0	1	0
 4935	2026-03-18 07:34:30	58	0	1	0
15762	2026-03-18 07:37:47	58	0	1	0
 4229	2026-03-18 07:37:52	58	0	1	0
48857	2026-03-18 07:40:57	58	0	1	0
 4844	2026-03-18 07:48:33	58	0	1	0
15341	2026-03-18 07:52:35	58	0	1	0
34439	2026-03-18 07:53:38	58	0	1	0
 4493	2026-03-18 07:54:59	58	0	1	0
41584	2026-03-18 07:58:58	58	0	1	0
49409	2026-03-18 07:59:06	58	0	1	0
36923	2026-03-18 07:59:58	58	0	1	0
14676	2026-03-18 08:00:46	58	0	1	0
  499	2026-03-18 08:01:46	58	0	1	0
 9691	2026-03-18 08:06:49	58	0	1	0
 1511	2026-03-18 08:09:23	58	0	1	0
22276	2026-03-18 09:11:12	58	2	1	0
18612	2026-03-18 12:01:05	58	2	1	0
 7749	2026-03-18 12:01:12	58	2	1	0
15341	2026-03-18 12:01:28	58	2	1	0
 4493	2026-03-18 12:01:34	58	2	1	0
53710	2026-03-18 12:01:41	58	2	1	0
49409	2026-03-18 12:01:52	58	2	1	0
 9757	2026-03-18 12:01:58	58	2	1	0
39095	2026-03-18 12:02:05	58	2	1	0
32149	2026-03-18 12:02:14	58	2	1	0
15762	2026-03-18 12:02:23	58	2	1	0
13638	2026-03-18 12:02:30	58	2	1	0
14003	2026-03-18 12:02:39	58	2	1	0
  833	2026-03-18 12:02:47	58	2	1	0
52020	2026-03-18 12:02:51	58	2	1	0
34439	2026-03-18 12:02:58	58	2	1	0
 4229	2026-03-18 12:03:07	58	2	1	0
 4844	2026-03-18 12:03:13	58	2	1	0
31315	2026-03-18 12:03:18	58	2	1	0
31315	2026-03-18 12:03:24	58	2	1	0
  499	2026-03-18 12:03:29	58	2	1	0
 1511	2026-03-18 12:03:37	58	2	1	0
39155	2026-03-18 12:03:46	58	2	1	0
36923	2026-03-18 12:03:55	58	2	1	0
14676	2026-03-18 12:04:03	58	2	1	0
 9691	2026-03-18 12:04:26	58	2	1	0
 4935	2026-03-18 12:04:32	58	2	1	0
22540	2026-03-18 12:04:40	58	2	1	0
 1511	2026-03-18 12:09:54	58	2	1	0
49409	2026-03-18 12:11:26	58	3	1	0
  678	2026-03-18 12:12:02	58	3	1	0
 4935	2026-03-18 12:12:14	58	3	1	0
32149	2026-03-18 12:12:25	58	3	1	0
22276	2026-03-18 12:12:49	58	3	1	0
53710	2026-03-18 12:13:53	58	3	1	0
31315	2026-03-18 12:16:57	58	3	1	0
52020	2026-03-18 12:17:13	58	3	1	0
14676	2026-03-18 12:18:55	58	3	1	0
14003	2026-03-18 12:24:30	58	3	1	0
41584	2026-03-18 12:25:54	58	2	1	0
39155	2026-03-18 12:29:19	58	3	1	0
 5718	2026-03-18 12:30:17	58	3	1	0
 4844	2026-03-18 12:32:10	58	3	1	0
15762	2026-03-18 12:32:56	58	3	1	0
 4229	2026-03-18 12:34:07	58	3	1	0
39095	2026-03-18 12:43:02	58	3	1	0
18612	2026-03-18 12:44:58	58	3	1	0
34439	2026-03-18 12:45:31	58	3	1	0
 9757	2026-03-18 12:45:35	58	3	1	0
 7749	2026-03-18 12:45:49	58	3	1	0
  833	2026-03-18 12:45:58	58	3	1	0
 4493	2026-03-18 12:46:08	58	3	1	0
15341	2026-03-18 12:46:12	58	3	1	0
13638	2026-03-18 12:46:20	58	3	1	0
41584	2026-03-18 12:48:48	58	3	1	0
22540	2026-03-18 12:49:47	58	3	1	0
36923	2026-03-18 12:50:48	58	3	1	0
  499	2026-03-18 12:59:25	58	3	1	0
 1511	2026-03-18 15:17:44	58	1	1	0
 4844	2026-03-18 17:01:28	58	1	1	0
 4493	2026-03-18 17:01:35	58	1	1	0
 9757	2026-03-18 17:01:42	58	1	1	0
15762	2026-03-18 17:01:52	58	1	1	0
41584	2026-03-18 17:02:48	58	1	1	0
14676	2026-03-18 17:02:59	58	1	1	0
52020	2026-03-18 17:03:05	58	1	1	0
15341	2026-03-18 17:03:23	58	1	1	0
31315	2026-03-18 17:03:34	58	1	1	0
 7749	2026-03-18 17:04:10	58	1	1	0
 7749	2026-03-18 17:04:17	58	1	1	0
14003	2026-03-18 17:04:30	58	1	1	0
  499	2026-03-18 17:04:48	58	1	1	0
 9691	2026-03-18 17:04:55	58	1	1	0
36923	2026-03-18 17:05:21	58	1	1	0
 4229	2026-03-18 17:05:30	58	1	1	0
 4935	2026-03-18 17:07:50	58	1	1	0
49409	2026-03-18 17:09:04	58	1	1	0
34439	2026-03-18 17:09:12	58	1	1	0
 5718	2026-03-18 17:11:08	58	1	1	0
39155	2026-03-18 18:01:33	58	1	1	0
32149	2026-03-18 18:01:46	58	1	1	0
18612	2026-03-18 18:01:55	58	1	1	0
22540	2026-03-18 18:02:03	58	1	1	0
39095	2026-03-18 18:02:10	58	1	1	0
16829	2026-03-18 18:02:20	58	1	1	0
13638	2026-03-18 18:03:01	58	1	1	0
14003	2026-03-19 06:12:28	58	0	1	0
53710	2026-03-19 06:33:11	58	0	1	0
41584	2026-03-19 06:34:27	58	0	1	0
18612	2026-03-19 06:53:50	58	0	1	0
16829	2026-03-19 06:54:29	58	0	1	0
22651	2026-03-19 07:00:17	58	0	1	0
39095	2026-03-19 07:01:22	58	0	1	0
13638	2026-03-19 07:01:35	58	0	1	0
39851	2026-03-19 07:01:47	58	0	1	0
22540	2026-03-19 07:01:53	58	0	1	0
39155	2026-03-19 07:14:24	58	0	1	0
  833	2026-03-19 07:16:46	58	0	1	0
 7749	2026-03-19 07:21:12	58	0	1	0
52020	2026-03-19 07:22:45	58	0	1	0
 1511	2026-03-19 07:30:28	58	0	1	0
48857	2026-03-19 07:31:15	58	0	1	0
 9757	2026-03-19 07:33:24	58	0	1	0
 5718	2026-03-19 07:35:29	58	0	1	0
 4229	2026-03-19 07:37:04	58	0	1	0
 4935	2026-03-19 07:44:04	58	0	1	0
 4844	2026-03-19 07:44:20	58	0	1	0
15762	2026-03-19 07:44:24	58	0	1	0
 4493	2026-03-19 07:48:52	58	0	1	0
34439	2026-03-19 07:54:04	58	0	1	0
49409	2026-03-19 07:56:31	58	0	1	0
14676	2026-03-19 07:57:19	58	0	1	0
  499	2026-03-19 07:58:07	58	0	1	0
15341	2026-03-19 08:00:43	58	0	1	0
36923	2026-03-19 08:08:35	58	0	1	0
22276	2026-03-19 09:56:08	58	2	1	0
22276	2026-03-19 12:01:05	58	3	1	0
52020	2026-03-19 12:01:11	58	3	1	0
52020	2026-03-19 12:01:16	58	2	1	0
15762	2026-03-19 12:01:25	58	2	1	0
  833	2026-03-19 12:01:50	58	2	1	0
53710	2026-03-19 12:02:10	58	2	1	0
39155	2026-03-19 12:02:21	58	2	1	0
 4935	2026-03-19 12:02:27	58	2	1	0
14676	2026-03-19 12:02:55	58	2	1	0
 1511	2026-03-19 12:03:07	58	2	1	0
36923	2026-03-19 12:03:29	58	2	1	0
 4844	2026-03-19 12:03:47	58	2	1	0
  499	2026-03-19 12:03:58	58	2	1	0
31315	2026-03-19 12:04:40	58	2	1	0
13638	2026-03-19 12:05:08	58	2	1	0
19709	2026-03-19 12:07:22	58	2	1	0
 4493	2026-03-19 12:07:34	58	2	1	0
14003	2026-03-19 12:07:43	58	2	1	0
15341	2026-03-19 12:07:52	58	2	1	0
34439	2026-03-19 12:08:01	58	2	1	0
18612	2026-03-19 12:08:09	58	2	1	0
 7749	2026-03-19 12:08:26	58	2	1	0
 7749	2026-03-19 12:08:35	58	2	1	0
22540	2026-03-19 12:09:04	58	2	1	0
39095	2026-03-19 12:09:12	58	2	1	0
41584	2026-03-19 12:09:24	58	2	1	0
41584	2026-03-19 12:09:27	58	2	1	0
31315	2026-03-19 12:10:04	58	3	1	0
52020	2026-03-19 12:14:43	58	3	1	0
14676	2026-03-19 12:19:40	58	3	1	0
18612	2026-03-19 12:20:04	58	3	1	0
 4493	2026-03-19 12:31:09	58	3	1	0
 4844	2026-03-19 12:32:30	58	3	1	0
39155	2026-03-19 12:35:36	58	3	1	0
14003	2026-03-19 12:36:22	58	3	1	0
 1511	2026-03-19 12:36:38	58	3	1	0
 7749	2026-03-19 12:36:50	58	3	1	0
  833	2026-03-19 12:37:05	58	3	1	0
13638	2026-03-19 12:37:14	58	3	1	0
39095	2026-03-19 12:37:23	58	3	1	0
36923	2026-03-19 12:38:15	58	3	1	0
41584	2026-03-19 12:38:50	58	3	1	0
15341	2026-03-19 12:41:21	58	3	1	0
34439	2026-03-19 12:46:10	58	3	1	0
15762	2026-03-19 12:46:18	58	3	1	0
 4935	2026-03-19 12:47:53	58	3	1	0
 4935	2026-03-19 12:47:59	58	3	1	0
22540	2026-03-19 12:51:00	58	3	1	0
39851	2026-03-19 12:51:05	58	3	1	0
53710	2026-03-19 12:56:29	58	3	1	0
  499	2026-03-19 13:01:30	58	3	1	0
22276	2026-03-19 17:01:08	58	1	1	0
 4844	2026-03-19 17:01:14	58	1	1	0
 4844	2026-03-19 17:01:22	58	1	1	0
15762	2026-03-19 17:01:28	58	1	1	0
 1511	2026-03-19 17:01:35	58	1	1	0
  499	2026-03-19 17:02:09	58	1	1	0
 7749	2026-03-19 17:02:32	58	1	1	0
34439	2026-03-19 17:04:17	58	1	1	0
14003	2026-03-19 17:06:28	58	1	1	0
 4493	2026-03-19 17:06:37	58	1	1	0
14676	2026-03-19 17:06:43	58	1	1	0
 4229	2026-03-19 17:06:56	58	1	1	0
 4935	2026-03-19 17:08:45	58	1	1	0
 4935	2026-03-19 17:08:50	58	1	1	0
15341	2026-03-19 17:09:27	58	1	1	0
52020	2026-03-19 17:09:41	58	1	1	0
41584	2026-03-19 17:09:49	58	1	1	0
31315	2026-03-19 17:10:18	58	1	1	0
36923	2026-03-19 17:12:38	58	1	1	0
 9757	2026-03-19 18:00:15	58	1	1	0
 9757	2026-03-19 18:00:17	58	1	1	0
39155	2026-03-19 18:01:40	58	1	1	0
16829	2026-03-19 18:01:53	58	1	1	0
53710	2026-03-19 18:02:16	58	1	1	0
22540	2026-03-19 18:02:24	58	1	1	0
39095	2026-03-19 18:02:30	58	1	1	0
39095	2026-03-19 18:02:32	58	1	1	0
18612	2026-03-19 18:02:40	58	1	1	0
13638	2026-03-19 18:04:18	58	1	1	0
14003	2026-03-23 06:08:34	58	0	1	0
32149	2026-03-23 06:28:58	58	0	1	0
53710	2026-03-23 06:33:31	58	0	1	0
39155	2026-03-23 06:36:36	58	0	1	0
39095	2026-03-23 06:43:07	58	0	1	0
16829	2026-03-23 06:49:34	58	0	1	0
18612	2026-03-23 06:51:59	58	0	1	0
46442	2026-03-23 06:53:46	58	0	1	0
46442	2026-03-23 06:53:48	58	0	1	0
19709	2026-03-23 06:54:21	58	0	1	0
19709	2026-03-23 06:54:24	58	0	1	0
22651	2026-03-23 06:57:27	58	0	1	0
39851	2026-03-23 07:01:09	58	0	1	0
22540	2026-03-23 07:01:15	58	0	1	0
  833	2026-03-23 07:05:16	58	0	1	0
13638	2026-03-23 07:06:37	58	0	1	0
 7749	2026-03-23 07:12:05	58	0	1	0
 9757	2026-03-23 07:21:41	58	0	1	0
 9757	2026-03-23 07:21:43	58	0	1	0
 4935	2026-03-23 07:24:36	58	0	1	0
48857	2026-03-23 07:24:58	58	0	1	0
 5718	2026-03-23 07:33:35	58	0	1	0
 4493	2026-03-23 07:41:21	58	0	1	0
52020	2026-03-23 07:42:11	58	0	1	0
 4229	2026-03-23 07:43:14	58	0	1	0
15762	2026-03-23 07:48:47	58	0	1	0
34439	2026-03-23 07:49:59	58	0	1	0
 9691	2026-03-23 07:50:17	58	0	1	0
41584	2026-03-23 07:51:22	58	0	1	0
41584	2026-03-23 07:51:23	58	0	1	0
41584	2026-03-23 07:51:26	58	0	1	0
14676	2026-03-23 07:53:40	58	0	1	0
15762	2026-03-23 07:53:56	58	0	1	0
  499	2026-03-23 07:56:45	58	0	1	0
49409	2026-03-23 07:57:26	58	0	1	0
 4844	2026-03-23 08:00:59	58	0	1	0
36923	2026-03-23 08:02:19	58	0	1	0
15341	2026-03-23 08:03:14	58	0	1	0
 1511	2026-03-23 08:55:50	58	0	1	0
22276	2026-03-23 09:25:37	58	2	1	0
22276	2026-03-23 12:01:07	58	3	1	0
 4935	2026-03-23 12:01:14	58	2	1	0
52020	2026-03-23 12:01:20	58	2	1	0
53710	2026-03-23 12:01:54	58	2	1	0
41584	2026-03-23 12:02:03	58	2	1	0
39095	2026-03-23 12:03:20	58	2	1	0
39155	2026-03-23 12:03:26	58	2	1	0
13638	2026-03-23 12:03:33	58	2	1	0
34439	2026-03-23 12:03:41	58	2	1	0
18612	2026-03-23 12:03:52	58	2	1	0
 1511	2026-03-23 12:04:10	58	2	1	0
  833	2026-03-23 12:04:16	58	2	1	0
 7749	2026-03-23 12:04:29	58	2	1	0
15762	2026-03-23 12:04:37	58	2	1	0
 9757	2026-03-23 12:04:43	58	2	1	0
14003	2026-03-23 12:04:50	58	2	1	0
49409	2026-03-23 12:04:58	58	2	1	0
 4844	2026-03-23 12:05:05	58	2	1	0
31315	2026-03-23 12:05:12	58	2	1	0
16829	2026-03-23 12:05:22	58	2	1	0
 5718	2026-03-23 12:05:42	58	2	1	0
36923	2026-03-23 12:05:53	58	2	1	0
14676	2026-03-23 12:05:57	58	2	1	0
 4493	2026-03-23 12:06:02	58	2	1	0
  499	2026-03-23 12:07:10	58	2	1	0
 4229	2026-03-23 12:07:30	58	2	1	0
32149	2026-03-23 12:08:21	58	2	1	0
13638	2026-03-23 12:08:57	58	3	1	0
22540	2026-03-23 12:10:02	58	2	1	0
 9691	2026-03-23 12:12:39	58	2	1	0
15341	2026-03-23 12:17:25	58	2	1	0
53710	2026-03-23 12:18:20	58	3	1	0
39155	2026-03-23 12:23:24	58	3	1	0
52020	2026-03-23 12:29:21	58	3	1	0
41584	2026-03-23 12:29:37	58	3	1	0
 4844	2026-03-23 12:32:12	58	3	1	0
49409	2026-03-23 12:33:47	58	3	1	0
 9757	2026-03-23 12:33:54	58	3	1	0
 4229	2026-03-23 12:34:03	58	3	1	0
15762	2026-03-23 12:34:12	58	3	1	0
 4493	2026-03-23 12:35:43	58	3	1	0
36923	2026-03-23 12:36:10	58	3	1	0
32149	2026-03-23 12:37:04	58	3	1	0
34439	2026-03-23 12:37:20	58	3	1	0
14003	2026-03-23 12:37:35	58	3	1	0
 9691	2026-03-23 12:38:46	58	3	1	0
 7749	2026-03-23 12:39:05	58	3	1	0
 1511	2026-03-23 12:39:14	58	3	1	0
39095	2026-03-23 12:39:30	58	3	1	0
18612	2026-03-23 12:41:08	58	3	1	0
14676	2026-03-23 12:41:51	58	3	1	0
31315	2026-03-23 12:41:57	58	3	1	0
  499	2026-03-23 12:44:49	58	3	1	0
  833	2026-03-23 12:47:21	58	3	1	0
 5718	2026-03-23 12:47:58	58	3	1	0
16829	2026-03-23 12:49:33	58	3	1	0
15341	2026-03-23 12:49:43	58	3	1	0
22540	2026-03-23 12:55:07	58	3	1	0
 4935	2026-03-23 12:56:58	58	3	1	0
  678	2026-03-23 12:58:16	58	3	1	0
 9757	2026-03-23 17:01:18	58	1	1	0
34439	2026-03-23 17:01:44	58	1	1	0
 4493	2026-03-23 17:01:58	58	1	1	0
 4844	2026-03-23 17:02:04	58	1	1	0
49409	2026-03-23 17:02:10	58	1	1	0
 1511	2026-03-23 17:02:16	58	1	1	0
15762	2026-03-23 17:02:19	58	1	1	0
14003	2026-03-23 17:02:29	58	1	1	0
 4229	2026-03-23 17:02:38	58	1	1	0
52020	2026-03-23 17:02:44	58	1	1	0
14676	2026-03-23 17:02:51	58	1	1	0
 4935	2026-03-23 17:02:57	58	1	1	0
 7749	2026-03-23 17:03:02	58	1	1	0
  499	2026-03-23 17:03:14	58	1	1	0
 5718	2026-03-23 17:03:30	58	1	1	0
15341	2026-03-23 17:04:25	58	1	1	0
 9691	2026-03-23 17:06:50	58	1	1	0
36923	2026-03-23 17:09:08	58	1	1	0
39155	2026-03-23 18:01:04	58	1	1	0
22540	2026-03-23 18:01:12	58	1	1	0
39095	2026-03-23 18:01:18	58	1	1	0
18612	2026-03-23 18:01:27	58	1	1	0
16829	2026-03-23 18:01:33	58	1	1	0
13638	2026-03-23 18:01:46	58	1	1	0
22276	2026-03-23 18:01:51	58	1	1	0
32149	2026-03-23 18:02:00	58	1	1	0
39851	2026-03-23 18:03:39	58	1	1	0
14003	2026-03-24 06:02:29	58	0	1	0
32149	2026-03-24 06:42:02	58	0	1	0
18612	2026-03-24 06:52:04	58	0	1	0
16829	2026-03-24 06:52:23	58	0	1	0
39155	2026-03-24 06:53:27	58	0	1	0
22651	2026-03-24 06:54:25	58	0	1	0
39095	2026-03-24 06:54:42	58	0	1	0
53710	2026-03-24 06:55:28	58	0	1	0
13638	2026-03-24 06:59:44	58	0	1	0
39851	2026-03-24 07:02:04	58	0	1	0
22540	2026-03-24 07:02:09	58	0	1	0
 7749	2026-03-24 07:05:55	58	0	1	0
  833	2026-03-24 07:13:46	58	0	1	0
 9757	2026-03-24 07:20:42	58	0	1	0
52020	2026-03-24 07:30:12	58	0	1	0
52020	2026-03-24 07:30:42	58	0	1	0
 4229	2026-03-24 07:39:02	58	0	1	0
15762	2026-03-24 07:41:44	58	0	1	0
48857	2026-03-24 07:41:50	58	0	1	0
 5718	2026-03-24 07:43:55	58	0	1	0
41584	2026-03-24 07:44:53	58	0	1	0
34439	2026-03-24 07:48:53	58	0	1	0
15341	2026-03-24 07:51:02	58	0	1	0
 4935	2026-03-24 07:51:28	58	0	1	0
 4935	2026-03-24 07:51:31	58	0	1	0
 4493	2026-03-24 07:53:09	58	0	1	0
 9691	2026-03-24 07:53:19	58	0	1	0
  499	2026-03-24 07:56:59	58	0	1	0
 1511	2026-03-24 07:57:07	58	0	1	0
 2943	2026-03-24 07:58:10	58	0	1	0
49409	2026-03-24 07:58:47	58	0	1	0
 4844	2026-03-24 07:59:21	58	0	1	0
14676	2026-03-24 07:59:28	58	0	1	0
36923	2026-03-24 08:00:43	58	0	1	0
15762	2026-03-24 12:01:14	58	2	1	0
53710	2026-03-24 12:01:23	58	2	1	0
49409	2026-03-24 12:01:33	58	2	1	0
34439	2026-03-24 12:01:44	58	2	1	0
18612	2026-03-24 12:01:53	58	2	1	0
39095	2026-03-24 12:01:59	58	2	1	0
 5718	2026-03-24 12:02:07	58	2	1	0
 4844	2026-03-24 12:02:15	58	2	1	0
52020	2026-03-24 12:02:19	58	2	1	0
39155	2026-03-24 12:02:35	58	2	1	0
 4229	2026-03-24 12:02:43	58	2	1	0
 4493	2026-03-24 12:02:49	58	2	1	0
14676	2026-03-24 12:02:54	58	2	1	0
 4935	2026-03-24 12:03:00	58	2	1	0
 1511	2026-03-24 12:03:36	58	2	1	0
16829	2026-03-24 12:03:49	58	2	1	0
13638	2026-03-24 12:05:30	58	2	1	0
32149	2026-03-24 12:05:59	58	2	1	0
19709	2026-03-24 12:06:12	58	2	1	0
 9691	2026-03-24 12:06:43	58	2	1	0
19709	2026-03-24 12:07:12	58	3	1	0
 3261	2026-03-24 12:07:26	58	2	1	0
 3261	2026-03-24 12:07:28	58	2	1	0
41584	2026-03-24 12:07:41	58	2	1	0
 3261	2026-03-24 12:07:53	58	3	1	0
 3261	2026-03-24 12:07:55	58	3	1	0
  499	2026-03-24 12:10:20	58	2	1	0
31315	2026-03-24 12:11:51	58	2	1	0
  833	2026-03-24 12:11:55	58	2	1	0
 9757	2026-03-24 12:12:04	58	2	1	0
14003	2026-03-24 12:12:13	58	2	1	0
 7749	2026-03-24 12:12:26	58	2	1	0
32149	2026-03-24 12:15:21	58	3	1	0
49409	2026-03-24 12:16:28	58	3	1	0
15762	2026-03-24 12:16:31	58	3	1	0
13638	2026-03-24 12:18:31	58	3	1	0
36923	2026-03-24 12:18:58	58	2	1	0
22540	2026-03-24 12:20:08	58	2	1	0
14676	2026-03-24 12:20:20	58	3	1	0
15341	2026-03-24 12:20:28	58	3	1	0
15341	2026-03-24 12:20:33	58	2	1	0
  499	2026-03-24 12:20:51	58	3	1	0
39155	2026-03-24 12:22:28	58	3	1	0
41584	2026-03-24 12:23:44	58	3	1	0
41584	2026-03-24 12:23:47	58	3	1	0
 5718	2026-03-24 12:25:22	58	3	1	0
52020	2026-03-24 12:25:52	58	3	1	0
 4229	2026-03-24 12:32:03	58	3	1	0
 9757	2026-03-24 12:36:01	58	3	1	0
16829	2026-03-24 12:36:52	58	3	1	0
39851	2026-03-24 12:43:20	58	3	1	0
22540	2026-03-24 12:43:55	58	3	1	0
36923	2026-03-24 12:47:07	58	3	1	0
31315	2026-03-24 12:48:21	58	3	1	0
18612	2026-03-24 12:48:56	58	3	1	0
 4493	2026-03-24 12:49:03	58	3	1	0
 7749	2026-03-24 12:49:17	58	3	1	0
34439	2026-03-24 12:49:37	58	3	1	0
15341	2026-03-24 12:49:46	58	3	1	0
 1511	2026-03-24 12:49:55	58	3	1	0
  833	2026-03-24 12:50:55	58	3	1	0
14003	2026-03-24 12:52:21	58	3	1	0
53710	2026-03-24 12:54:46	58	3	1	0
 4844	2026-03-24 12:55:42	58	3	1	0
39095	2026-03-24 12:55:54	58	3	1	0
 4935	2026-03-24 13:39:00	58	3	1	0
 4844	2026-03-24 17:02:08	58	1	1	0
14676	2026-03-24 17:02:26	58	1	1	0
49409	2026-03-24 17:02:31	58	1	1	0
14003	2026-03-24 17:02:39	58	1	1	0
15762	2026-03-24 17:02:47	58	1	1	0
 1511	2026-03-24 17:02:53	58	1	1	0
 4493	2026-03-24 17:02:59	58	1	1	0
 5718	2026-03-24 17:03:05	58	1	1	0
 9757	2026-03-24 17:03:15	58	1	1	0
52020	2026-03-24 17:03:21	58	1	1	0
31315	2026-03-24 17:03:27	58	1	1	0
34439	2026-03-24 17:03:42	58	1	1	0
 9691	2026-03-24 17:03:49	58	1	1	0
  499	2026-03-24 17:04:20	58	1	1	0
 4229	2026-03-24 17:04:54	58	1	1	0
41584	2026-03-24 17:05:04	58	1	1	0
 4935	2026-03-24 17:05:11	58	1	1	0
 4935	2026-03-24 17:05:14	58	1	1	0
15341	2026-03-24 17:07:15	58	1	1	0
 7749	2026-03-24 17:07:39	58	1	1	0
36923	2026-03-24 17:15:34	58	1	1	0
39155	2026-03-24 18:01:05	58	1	1	0
32149	2026-03-24 18:01:16	58	1	1	0
16829	2026-03-24 18:01:29	58	1	1	0
22540	2026-03-24 18:01:57	58	1	1	0
53710	2026-03-24 18:02:11	58	1	1	0
18612	2026-03-24 18:02:36	58	1	1	0
39095	2026-03-24 18:03:04	58	1	1	0
13638	2026-03-24 18:05:00	58	1	1	0
14003	2026-03-25 06:07:55	58	0	1	0
53710	2026-03-25 06:33:22	58	0	1	0
32149	2026-03-25 06:50:37	58	0	1	0
16829	2026-03-25 06:55:43	58	0	1	0
39095	2026-03-25 06:58:44	58	0	1	0
13638	2026-03-25 07:00:47	58	0	1	0
39851	2026-03-25 07:02:21	58	0	1	0
22540	2026-03-25 07:02:27	58	0	1	0
18612	2026-03-25 07:05:47	58	0	1	0
22651	2026-03-25 07:07:53	58	0	1	0
39155	2026-03-25 07:12:36	58	0	1	0
 7749	2026-03-25 07:19:52	58	0	1	0
52020	2026-03-25 07:29:04	58	0	1	0
 9757	2026-03-25 07:29:10	58	0	1	0
 4935	2026-03-25 07:34:02	58	0	1	0
 5718	2026-03-25 07:36:06	58	0	1	0
15762	2026-03-25 07:42:23	58	0	1	0
 4229	2026-03-25 07:43:05	58	0	1	0
49347	2026-03-25 07:44:52	58	0	1	0
49409	2026-03-25 07:46:10	58	0	1	0
 4493	2026-03-25 07:49:26	58	0	1	0
41584	2026-03-25 07:53:02	58	0	1	0
34439	2026-03-25 07:54:11	58	0	1	0
 2943	2026-03-25 07:55:42	58	0	1	0
14676	2026-03-25 07:57:37	58	0	1	0
48857	2026-03-25 07:57:58	58	0	1	0
 9691	2026-03-25 07:58:13	58	0	1	0
15341	2026-03-25 07:58:19	58	0	1	0
36923	2026-03-25 07:58:35	58	0	1	0
14676	2026-03-25 07:59:47	58	0	1	0
  499	2026-03-25 07:59:59	58	0	1	0
 4844	2026-03-25 08:02:37	58	0	1	0
22276	2026-03-25 09:32:44	58	2	1	0
32149	2026-03-25 12:01:41	58	2	1	0
41584	2026-03-25 12:01:52	58	2	1	0
49409	2026-03-25 12:01:59	58	2	1	0
34439	2026-03-25 12:02:10	58	2	1	0
39155	2026-03-25 12:02:24	58	2	1	0
31315	2026-03-25 12:02:38	58	2	1	0
52020	2026-03-25 12:03:28	58	2	1	0
 4844	2026-03-25 12:03:40	58	2	1	0
  499	2026-03-25 12:03:47	58	2	1	0
14676	2026-03-25 12:04:00	58	2	1	0
 4935	2026-03-25 12:09:02	58	2	1	0
31315	2026-03-25 12:09:10	58	3	1	0
  678	2026-03-25 12:09:16	58	3	1	0
 4493	2026-03-25 12:11:28	58	2	1	0
14003	2026-03-25 12:11:44	58	2	1	0
 7749	2026-03-25 12:11:57	58	2	1	0
36923	2026-03-25 12:12:15	58	2	1	0
13638	2026-03-25 12:12:23	58	2	1	0
15341	2026-03-25 12:12:28	58	2	1	0
18612	2026-03-25 12:12:39	58	2	1	0
32149	2026-03-25 12:12:49	58	3	1	0
16829	2026-03-25 12:12:58	58	2	1	0
 5718	2026-03-25 12:13:06	58	2	1	0
 9691	2026-03-25 12:13:12	58	2	1	0
49347	2026-03-25 12:13:18	58	2	1	0
22276	2026-03-25 12:13:25	58	3	1	0
  833	2026-03-25 12:13:54	58	2	1	0
53710	2026-03-25 12:14:04	58	2	1	0
49409	2026-03-25 12:14:36	58	3	1	0
22540	2026-03-25 12:14:44	58	2	1	0
 4229	2026-03-25 12:18:23	58	2	1	0
 4844	2026-03-25 12:18:37	58	3	1	0
 4493	2026-03-25 12:18:48	58	3	1	0
34439	2026-03-25 12:18:57	58	2	1	0
15341	2026-03-25 12:20:18	58	3	1	0
14676	2026-03-25 12:20:24	58	3	1	0
 7749	2026-03-25 12:20:48	58	3	1	0
 9691	2026-03-25 12:20:58	58	3	1	0
  833	2026-03-25 12:21:01	58	3	1	0
52020	2026-03-25 12:28:09	58	3	1	0
39155	2026-03-25 12:28:13	58	3	1	0
41584	2026-03-25 12:30:06	58	3	1	0
14003	2026-03-25 12:45:12	58	3	1	0
 4229	2026-03-25 12:45:26	58	3	1	0
53710	2026-03-25 12:46:22	58	3	1	0
36923	2026-03-25 12:47:03	58	3	1	0
22540	2026-03-25 12:48:28	58	3	1	0
 4935	2026-03-25 12:49:13	58	3	1	0
39095	2026-03-25 12:49:28	58	3	1	0
18612	2026-03-25 12:49:44	58	3	1	0
13638	2026-03-25 12:50:16	58	3	1	0
 5718	2026-03-25 12:51:22	58	3	1	0
16829	2026-03-25 12:51:39	58	3	1	0
  499	2026-03-25 13:00:55	58	3	1	0
14676	2026-03-25 17:02:54	58	1	1	0
 5718	2026-03-25 17:03:00	58	1	1	0
 4935	2026-03-25 17:03:07	58	1	1	0
52020	2026-03-25 17:03:11	58	1	1	0
 4493	2026-03-25 17:03:16	58	1	1	0
 4844	2026-03-25 17:03:23	58	1	1	0
  833	2026-03-25 17:03:26	58	1	1	0
15762	2026-03-25 17:03:33	58	1	1	0
 9757	2026-03-25 17:03:39	58	1	1	0
 9691	2026-03-25 17:03:45	58	1	1	0
 4229	2026-03-25 17:03:54	58	1	1	0
 7749	2026-03-25 17:04:03	58	1	1	0
14003	2026-03-25 17:04:14	58	1	1	0
31315	2026-03-25 17:04:24	58	1	1	0
49409	2026-03-25 17:04:34	58	1	1	0
34439	2026-03-25 17:04:42	58	1	1	0
  499	2026-03-25 17:04:51	58	1	1	0
15341	2026-03-25 17:09:01	58	1	1	0
41584	2026-03-25 17:10:34	58	1	1	0
36923	2026-03-25 17:14:14	58	1	1	0
22276	2026-03-25 17:18:14	58	1	1	0
39155	2026-03-25 18:01:06	58	1	1	0
32149	2026-03-25 18:01:18	58	1	1	0
18612	2026-03-25 18:01:39	58	1	1	0
39095	2026-03-25 18:01:46	58	1	1	0
16829	2026-03-25 18:01:55	58	1	1	0
22540	2026-03-25 18:02:06	58	1	1	0
13638	2026-03-25 18:33:06	58	1	1	0
14003	2026-03-26 06:22:26	58	0	1	0
32149	2026-03-26 06:44:26	58	0	1	0
53710	2026-03-26 06:50:16	58	0	1	0
39095	2026-03-26 06:59:44	58	0	1	0
16829	2026-03-26 07:02:04	58	0	1	0
18612	2026-03-26 07:02:35	58	0	1	0
13638	2026-03-26 07:03:21	58	0	1	0
39155	2026-03-26 07:07:08	58	0	1	0
39851	2026-03-26 07:09:05	58	0	1	0
22540	2026-03-26 07:09:11	58	0	1	0
22651	2026-03-26 07:16:12	58	0	1	0
  833	2026-03-26 07:17:24	58	0	1	0
 7749	2026-03-26 07:23:54	58	0	1	0
52020	2026-03-26 07:32:16	58	0	1	0
41584	2026-03-26 07:32:33	58	0	1	0
 9757	2026-03-26 07:39:22	58	0	1	0
 4493	2026-03-26 07:41:42	58	0	1	0
 4935	2026-03-26 07:44:20	58	0	1	0
 4935	2026-03-26 07:44:24	58	0	1	0
 5718	2026-03-26 07:45:31	58	0	1	0
 4229	2026-03-26 07:46:39	58	0	1	0
34439	2026-03-26 07:48:23	58	0	1	0
15762	2026-03-26 07:50:46	58	0	1	0
 4844	2026-03-26 07:52:38	58	0	1	0
 2943	2026-03-26 07:57:47	58	0	1	0
  499	2026-03-26 08:00:08	58	0	1	0
14676	2026-03-26 08:00:17	58	0	1	0
49409	2026-03-26 08:00:21	58	0	1	0
36923	2026-03-26 08:00:35	58	0	1	0
15341	2026-03-26 08:01:26	58	0	1	0
 9691	2026-03-26 08:02:03	58	0	1	0
22276	2026-03-26 09:08:07	58	2	1	0
 4935	2026-03-26 12:01:27	58	2	1	0
 4935	2026-03-26 12:01:28	58	2	1	0
49409	2026-03-26 12:01:41	58	2	1	0
53710	2026-03-26 12:01:57	58	1	1	0
 4229	2026-03-26 12:02:11	58	2	1	0
34439	2026-03-26 12:02:19	58	2	1	0
52020	2026-03-26 12:02:35	58	2	1	0
32149	2026-03-26 12:03:26	58	2	1	0
14676	2026-03-26 12:03:36	58	2	1	0
39155	2026-03-26 12:03:44	58	2	1	0
  499	2026-03-26 12:03:51	58	2	1	0
 4844	2026-03-26 12:03:59	58	2	1	0
14003	2026-03-26 12:04:10	58	2	1	0
  833	2026-03-26 12:04:22	58	2	1	0
15762	2026-03-26 12:04:56	58	2	1	0
 7749	2026-03-26 12:06:53	58	2	1	0
 4493	2026-03-26 12:07:07	58	2	1	0
36923	2026-03-26 12:07:19	58	2	1	0
13638	2026-03-26 12:09:43	58	2	1	0
 9691	2026-03-26 12:09:51	58	2	1	0
39095	2026-03-26 12:09:58	58	2	1	0
 4935	2026-03-26 12:10:16	58	3	1	0
 4935	2026-03-26 12:10:21	58	3	1	0
22276	2026-03-26 12:11:30	58	3	1	0
18612	2026-03-26 12:12:15	58	2	1	0
15341	2026-03-26 12:12:49	58	2	1	0
13638	2026-03-26 12:15:54	58	3	1	0
15762	2026-03-26 12:18:16	58	3	1	0
52020	2026-03-26 12:20:00	58	3	1	0
32149	2026-03-26 12:20:14	58	3	1	0
14676	2026-03-26 12:20:28	58	3	1	0
41584	2026-03-26 12:20:37	58	2	1	0
14003	2026-03-26 12:20:52	58	3	1	0
 4844	2026-03-26 12:27:02	58	3	1	0
39155	2026-03-26 12:32:56	58	3	1	0
18612	2026-03-26 12:33:10	58	3	1	0
 4229	2026-03-26 12:36:43	58	3	1	0
41584	2026-03-26 12:37:12	58	3	1	0
 4493	2026-03-26 12:41:46	58	3	1	0
  833	2026-03-26 12:44:33	58	3	1	0
15341	2026-03-26 12:44:59	58	3	1	0
34439	2026-03-26 12:45:24	58	3	1	0
 7749	2026-03-26 12:46:07	58	3	1	0
36923	2026-03-26 12:46:22	58	3	1	0
39095	2026-03-26 12:46:29	58	3	1	0
49409	2026-03-26 12:57:27	58	3	1	0
53710	2026-03-26 12:59:58	58	3	1	0
49409	2026-03-26 17:01:05	58	1	1	0
14003	2026-03-26 17:03:07	58	1	1	0
 5718	2026-03-26 17:03:24	58	1	1	0
 7749	2026-03-26 17:04:01	58	1	1	0
15762	2026-03-26 17:04:24	58	1	1	0
34439	2026-03-26 17:04:41	58	1	1	0
  499	2026-03-26 17:04:54	58	1	1	0
 9757	2026-03-26 17:05:50	58	1	1	0
 9757	2026-03-26 17:05:52	58	1	1	0
 4935	2026-03-26 17:05:56	58	1	1	0
52020	2026-03-26 17:06:02	58	1	1	0
41584	2026-03-26 17:06:08	58	1	1	0
 4493	2026-03-26 17:06:26	58	1	1	0
14676	2026-03-26 17:07:18	58	1	1	0
 4844	2026-03-26 17:07:24	58	1	1	0
 4229	2026-03-26 17:08:22	58	1	1	0
 9691	2026-03-26 17:09:31	58	1	1	0
15341	2026-03-26 17:11:12	58	1	1	0
36923	2026-03-26 17:19:18	58	1	1	0
39155	2026-03-26 18:01:02	58	1	1	0
32149	2026-03-26 18:01:10	58	1	1	0
39095	2026-03-26 18:01:19	58	1	1	0
53710	2026-03-26 18:01:27	58	1	1	0
18612	2026-03-26 18:01:47	58	1	1	0
22540	2026-03-26 18:01:55	58	1	1	0
16829	2026-03-26 18:02:09	58	1	1	0
13638	2026-03-26 18:02:20	58	1	1	0
39851	2026-03-26 18:57:53	58	1	1	0
14003	2026-03-30 06:17:02	58	0	1	0
53710	2026-03-30 06:32:52	58	0	1	0
18612	2026-03-30 06:39:22	58	0	1	0
39095	2026-03-30 06:44:06	58	0	1	0
39155	2026-03-30 06:51:08	58	0	1	0
16829	2026-03-30 06:52:48	58	0	1	0
13638	2026-03-30 07:00:34	58	0	1	0
39851	2026-03-30 07:01:37	58	0	1	0
22540	2026-03-30 07:01:43	58	0	1	0
