19709	2026-03-16 12:09:05	1	3	1	0
 5329	2026-03-16 12:09:19	1	3	1	0
 3557	2026-03-16 12:09:36	1	3	1	0
 3557	2026-03-16 12:09:43	1	3	1	0
 3688	2026-03-16 12:10:03	1	3	1	0
 9400	2026-03-16 12:12:23	1	3	1	0
 8014	2026-03-16 12:12:36	1	3	1	0
24764	2026-03-16 12:13:07	1	3	1	0
24764	2026-03-16 12:13:16	1	3	1	0
18597	2026-03-16 12:13:27	1	3	1	0
13418	2026-03-16 12:14:06	1	2	1	0
13418	2026-03-16 12:14:09	1	2	1	0
 1928	2026-03-16 12:16:46	1	2	1	0
 1928	2026-03-16 12:16:50	1	2	1	0
 5974	2026-03-16 12:20:17	1	3	1	0
 2312	2026-03-16 12:20:23	1	3	1	0
19709	2026-03-16 12:20:36	1	3	1	0
 8541	2026-03-16 12:21:01	1	2	1	0
21287	2026-03-16 12:21:18	1	2	1	0
21287	2026-03-16 12:21:27	1	3	1	0
 2649	2026-03-16 12:22:41	1	2	1	0
24215	2026-03-16 12:23:22	1	2	1	0
24215	2026-03-16 12:23:24	1	2	1	0
41095	2026-03-16 12:23:35	1	3	1	0
 1928	2026-03-16 12:24:23	1	3	1	0
 1928	2026-03-16 12:24:26	1	3	1	0
53520	2026-03-16 12:24:42	1	3	1	0
53520	2026-03-16 12:24:44	1	3	1	0
 2640	2026-03-16 12:24:52	1	3	1	0
 2640	2026-03-16 12:24:54	1	3	1	0
 4948	2026-03-16 12:26:01	1	3	1	0
 4948	2026-03-16 12:26:04	1	3	1	0
12961	2026-03-16 12:27:20	1	2	1	0
  283	2026-03-16 12:28:51	1	3	1	0
  283	2026-03-16 12:28:56	1	3	1	0
41153	2026-03-16 12:29:12	1	3	1	0
12961	2026-03-16 12:30:38	1	3	1	0
 4681	2026-03-16 12:32:06	1	3	1	0
 2649	2026-03-16 12:34:40	1	3	1	0
41839	2026-03-16 12:38:20	1	3	1	0
 9640	2026-03-16 12:42:39	1	3	1	0
 9640	2026-03-16 12:42:42	1	3	1	0
13418	2026-03-16 12:44:26	1	3	1	0
13418	2026-03-16 12:44:41	1	3	1	0
 8541	2026-03-16 12:47:00	1	3	1	0
24526	2026-03-16 12:52:29	1	3	1	0
24215	2026-03-16 12:54:32	1	3	1	0
24215	2026-03-16 12:54:34	1	3	1	0
24215	2026-03-16 12:54:57	1	3	1	0
 4265	2026-03-16 13:12:27	1	3	1	0
18597	2026-03-16 15:11:15	1	1	1	0
 1634	2026-03-16 15:55:07	1	3	1	0
 1634	2026-03-16 15:55:10	1	3	1	0
  919	2026-03-16 16:24:00	1	3	1	0
  919	2026-03-16 16:24:02	1	3	1	0
 9061	2026-03-16 17:01:04	1	1	1	0
 9061	2026-03-16 17:01:07	1	1	1	0
24526	2026-03-16 17:01:12	1	1	1	0
 5024	2026-03-16 17:01:20	1	1	1	0
 2722	2026-03-16 17:01:27	1	1	1	0
 4681	2026-03-16 17:01:33	1	1	1	0
 2312	2026-03-16 17:01:40	1	1	1	0
 8014	2026-03-16 17:01:48	1	1	1	0
 5974	2026-03-16 17:02:02	1	1	1	0
 1022	2026-03-16 17:02:11	1	1	1	0
 8523	2026-03-16 17:02:22	1	1	1	0
 9400	2026-03-16 17:02:37	1	1	1	0
 7662	2026-03-16 17:02:46	1	1	1	0
 3261	2026-03-16 17:02:54	1	1	1	0
 3261	2026-03-16 17:02:56	1	1	1	0
  110	2026-03-16 17:03:17	1	1	1	0
41153	2026-03-16 17:03:26	1	1	1	0
 3688	2026-03-16 17:04:23	1	1	1	0
 8541	2026-03-16 17:04:35	1	1	1	0
24215	2026-03-16 17:04:42	1	1	1	0
24215	2026-03-16 17:04:49	1	1	1	0
 1790	2026-03-16 17:07:03	1	1	1	0
 3557	2026-03-16 17:07:09	1	1	1	0
 3557	2026-03-16 17:07:15	1	1	1	0
13418	2026-03-16 17:14:46	1	1	1	0
13418	2026-03-16 17:14:52	1	1	1	0
13418	2026-03-16 17:15:05	1	1	1	0
 4005	2026-03-16 17:18:52	1	3	1	0
25346	2026-03-16 17:19:19	1	1	1	0
 2649	2026-03-16 17:19:39	1	1	1	0
 7069	2026-03-16 17:19:46	1	1	1	0
21287	2026-03-16 17:51:36	1	1	1	0
21287	2026-03-16 17:59:15	1	1	1	0
41095	2026-03-16 18:00:46	1	1	1	0
24764	2026-03-16 18:01:04	1	1	1	0
53520	2026-03-16 18:01:14	1	1	1	0
53520	2026-03-16 18:01:16	1	1	1	0
50456	2026-03-16 18:56:41	1	1	1	0
 1928	2026-03-16 19:04:50	1	1	1	0
 1928	2026-03-16 19:04:53	1	1	1	0
 4265	2026-03-16 22:00:40	1	1	1	0
40232	2026-03-16 23:23:34	1	3	1	0
 1634	2026-03-17 00:01:15	1	2	1	0
 1634	2026-03-17 00:01:18	1	2	1	0
 4005	2026-03-17 00:04:31	1	2	1	0
  919	2026-03-17 00:06:31	1	2	1	0
  919	2026-03-17 00:06:34	1	2	1	0
34197	2026-03-17 01:24:57	1	2	1	0
34197	2026-03-17 01:25:00	1	2	1	0
18597	2026-03-17 04:33:13	1	0	1	0
24526	2026-03-17 04:55:18	1	0	1	0
21287	2026-03-17 05:43:26	1	0	1	0
 8523	2026-03-17 06:35:55	1	0	1	0
50456	2026-03-17 06:46:20	1	0	1	0
 5974	2026-03-17 06:54:16	1	0	1	0
41095	2026-03-17 07:01:12	1	0	1	0
  110	2026-03-17 07:02:53	1	0	1	0
 8014	2026-03-17 07:06:40	1	0	1	0
   13	2026-03-17 07:08:50	1	3	1	0
24764	2026-03-17 07:22:19	1	0	1	0
24764	2026-03-17 07:22:27	1	0	1	0
 3688	2026-03-17 07:29:30	1	0	1	0
 7662	2026-03-17 07:34:35	1	0	1	0
 1790	2026-03-17 07:36:03	1	0	1	0
 3557	2026-03-17 07:36:54	1	0	1	0
 3557	2026-03-17 07:37:00	1	0	1	0
 1928	2026-03-17 07:38:58	1	0	1	0
 1928	2026-03-17 07:39:01	1	0	1	0
 2722	2026-03-17 07:39:10	1	0	1	0
 2722	2026-03-17 07:39:17	1	0	1	0
48983	2026-03-17 07:39:55	1	0	1	0
 8541	2026-03-17 07:40:19	1	0	1	0
41153	2026-03-17 07:42:31	1	0	1	0
 9509	2026-03-17 07:45:12	1	0	1	0
 5024	2026-03-17 07:50:59	1	0	1	0
 2649	2026-03-17 07:51:28	1	0	1	0
13418	2026-03-17 07:53:38	1	0	1	0
13418	2026-03-17 07:53:44	1	0	1	0
24215	2026-03-17 07:54:21	1	0	1	0
24215	2026-03-17 07:54:23	1	0	1	0
 4681	2026-03-17 07:54:49	1	0	1	0
24215	2026-03-17 07:56:08	1	0	1	0
 2667	2026-03-17 08:01:41	1	2	1	0
 2667	2026-03-17 08:01:49	1	2	1	0
40232	2026-03-17 08:07:54	1	2	1	0
24526	2026-03-17 09:25:59	1	2	1	0
 9400	2026-03-17 10:03:10	1	2	1	0
 9400	2026-03-17 10:03:19	1	2	1	0
21287	2026-03-17 12:01:05	1	2	1	0
 1790	2026-03-17 12:01:12	1	2	1	0
 8014	2026-03-17 12:01:19	1	2	1	0
  110	2026-03-17 12:01:27	1	2	1	0
 2722	2026-03-17 12:01:33	1	2	1	0
 8523	2026-03-17 12:01:41	1	2	1	0
 5974	2026-03-17 12:01:48	1	2	1	0
48983	2026-03-17 12:01:55	1	2	1	0
53520	2026-03-17 12:02:01	1	2	1	0
53520	2026-03-17 12:02:03	1	2	1	0
 7662	2026-03-17 12:02:06	1	2	1	0
24764	2026-03-17 12:02:16	1	2	1	0
18597	2026-03-17 12:02:26	1	2	1	0
41153	2026-03-17 12:02:34	1	2	1	0
   13	2026-03-17 12:02:42	1	2	1	0
 1928	2026-03-17 12:02:49	1	2	1	0
 1928	2026-03-17 12:02:52	1	2	1	0
 4273	2026-03-17 12:03:00	1	2	1	0
 4273	2026-03-17 12:03:02	1	2	1	0
50456	2026-03-17 12:03:37	1	2	1	0
 5024	2026-03-17 12:04:08	1	2	1	0
 5329	2026-03-17 12:04:17	1	2	1	0
 1790	2026-03-17 12:04:25	1	3	1	0
 4273	2026-03-17 12:04:36	1	3	1	0
 4273	2026-03-17 12:04:38	1	3	1	0
 3688	2026-03-17 12:04:58	1	2	1	0
 3557	2026-03-17 12:05:07	1	2	1	0
 3557	2026-03-17 12:05:13	1	2	1	0
 2649	2026-03-17 12:05:42	1	2	1	0
 8523	2026-03-17 12:05:51	1	3	1	0
 2722	2026-03-17 12:05:58	1	3	1	0
 7662	2026-03-17 12:06:10	1	3	1	0
 7662	2026-03-17 12:06:12	1	3	1	0
50456	2026-03-17 12:06:24	1	3	1	0
 5974	2026-03-17 12:06:32	1	3	1	0
  110	2026-03-17 12:06:41	1	3	1	0
21287	2026-03-17 12:06:51	1	3	1	0
 8014	2026-03-17 12:07:22	1	3	1	0
 9509	2026-03-17 12:08:03	1	2	1	0
 4681	2026-03-17 12:08:11	1	2	1	0
 8541	2026-03-17 12:08:17	1	2	1	0
 2649	2026-03-17 12:09:07	1	3	1	0
 1928	2026-03-17 12:09:29	1	3	1	0
 1928	2026-03-17 12:09:31	1	3	1	0
18597	2026-03-17 12:10:06	1	3	1	0
24764	2026-03-17 12:10:20	1	2	1	0
24764	2026-03-17 12:10:28	1	3	1	0
24764	2026-03-17 12:10:35	1	3	1	0
 5329	2026-03-17 12:10:45	1	2	1	0
 5329	2026-03-17 12:10:52	1	3	1	0
 5329	2026-03-17 12:10:55	1	3	1	0
 5024	2026-03-17 12:11:05	1	3	1	0
 5024	2026-03-17 12:11:11	1	3	1	0
 3557	2026-03-17 12:11:21	1	3	1	0
 3557	2026-03-17 12:11:28	1	3	1	0
53520	2026-03-17 12:11:47	1	3	1	0
53520	2026-03-17 12:11:49	1	3	1	0
13418	2026-03-17 12:12:05	1	2	1	0
13418	2026-03-17 12:12:07	1	2	1	0
 4948	2026-03-17 12:12:56	1	2	1	0
 4948	2026-03-17 12:12:58	1	2	1	0
24215	2026-03-17 12:14:15	1	2	1	0
24215	2026-03-17 12:14:17	1	2	1	0
 2640	2026-03-17 12:14:24	1	3	1	0
 2640	2026-03-17 12:14:27	1	3	1	0
  283	2026-03-17 12:15:14	1	3	1	0
  283	2026-03-17 12:15:21	1	3	1	0
   13	2026-03-17 12:18:15	1	3	1	0
 3688	2026-03-17 12:21:42	1	2	1	0
 3688	2026-03-17 12:21:50	1	3	1	0
 9400	2026-03-17 12:22:07	1	3	1	0
 9400	2026-03-17 12:22:16	1	3	1	0
12961	2026-03-17 12:23:27	1	2	1	0
41153	2026-03-17 12:23:50	1	3	1	0
12961	2026-03-17 12:25:18	1	3	1	0
 4948	2026-03-17 12:25:59	1	3	1	0
 4948	2026-03-17 12:26:02	1	3	1	0
 4681	2026-03-17 12:28:13	1	3	1	0
 8541	2026-03-17 12:31:04	1	3	1	0
41095	2026-03-17 12:33:49	1	2	1	0
 9509	2026-03-17 12:34:02	1	3	1	0
48983	2026-03-17 12:34:15	1	3	1	0
 2417	2026-03-17 12:35:53	1	3	1	0
 2417	2026-03-17 12:35:59	1	3	1	0
24526	2026-03-17 12:44:01	1	3	1	0
13418	2026-03-17 12:50:20	1	3	1	0
13418	2026-03-17 12:50:23	1	3	1	0
24215	2026-03-17 12:51:34	1	3	1	0
24215	2026-03-17 12:51:37	1	3	1	0
41095	2026-03-17 13:00:07	1	3	1	0
 4265	2026-03-17 13:29:58	1	3	1	0
18597	2026-03-17 15:10:30	1	1	1	0
 1634	2026-03-17 15:48:38	1	3	1	0
 1634	2026-03-17 15:48:42	1	3	1	0
  919	2026-03-17 15:54:32	1	3	1	0
  919	2026-03-17 15:54:34	1	3	1	0
 4005	2026-03-17 16:01:54	1	3	1	0
24526	2026-03-17 17:01:10	1	1	1	0
21287	2026-03-17 17:01:24	1	1	1	0
 2722	2026-03-17 17:01:39	1	1	1	0
  110	2026-03-17 17:01:48	1	1	1	0
 8014	2026-03-17 17:01:57	1	1	1	0
 2649	2026-03-17 17:02:16	1	1	1	0
 5974	2026-03-17 17:02:23	1	1	1	0
 3557	2026-03-17 17:02:34	1	1	1	0
 3557	2026-03-17 17:02:40	1	1	1	0
 8541	2026-03-17 17:02:53	1	1	1	0
 9400	2026-03-17 17:03:02	1	1	1	0
 4681	2026-03-17 17:03:08	1	1	1	0
 4681	2026-03-17 17:03:14	1	1	1	0
 7662	2026-03-17 17:03:22	1	1	1	0
41153	2026-03-17 17:03:38	1	1	1	0
 5024	2026-03-17 17:03:52	1	1	1	0
 7662	2026-03-17 17:04:00	1	1	1	0
24215	2026-03-17 17:04:07	1	1	1	0
24215	2026-03-17 17:04:14	1	1	1	0
 8523	2026-03-17 17:04:21	1	1	1	0
 9509	2026-03-17 17:04:35	1	1	1	0
48983	2026-03-17 17:04:48	1	1	1	0
 3688	2026-03-17 17:07:48	1	1	1	0
13418	2026-03-17 17:12:54	1	1	1	0
13418	2026-03-17 17:13:11	1	1	1	0
13418	2026-03-17 17:14:07	1	1	1	0
 2640	2026-03-17 17:14:28	1	1	1	0
 2640	2026-03-17 17:14:31	1	1	1	0
35885	2026-03-17 17:24:57	1	1	1	0
35885	2026-03-17 17:25:00	1	1	1	0
 1790	2026-03-17 17:35:58	1	1	1	0
41095	2026-03-17 18:00:59	1	1	1	0
53520	2026-03-17 18:01:04	1	1	1	0
53520	2026-03-17 18:01:07	1	1	1	0
41095	2026-03-17 18:01:15	1	1	1	0
24764	2026-03-17 18:01:28	1	1	1	0
24764	2026-03-17 18:01:35	1	1	1	0
50456	2026-03-17 18:20:18	1	1	1	0
50456	2026-03-17 18:20:21	1	1	1	0
 1928	2026-03-17 19:03:13	1	1	1	0
 1928	2026-03-17 19:03:16	1	1	1	0
 4265	2026-03-17 22:00:31	1	1	1	0
 2667	2026-03-17 23:24:54	1	0	1	0
 1634	2026-03-18 00:01:32	1	2	1	0
  919	2026-03-18 00:01:53	1	2	1	0
  919	2026-03-18 00:01:56	1	2	1	0
 4005	2026-03-18 00:02:39	1	2	1	0
34197	2026-03-18 01:32:36	1	2	1	0
34197	2026-03-18 01:32:44	1	2	1	0
18597	2026-03-18 04:29:31	1	0	1	0
24526	2026-03-18 04:59:21	1	0	1	0
 1022	2026-03-18 05:49:33	1	0	1	0
 8523	2026-03-18 06:00:21	1	0	1	0
 9640	2026-03-18 06:01:23	1	0	1	0
 9640	2026-03-18 06:01:25	1	0	1	0
50456	2026-03-18 06:41:45	1	0	1	0
   13	2026-03-18 06:44:08	1	3	1	0
  110	2026-03-18 07:09:25	1	0	1	0
 5974	2026-03-18 07:14:05	1	0	1	0
24764	2026-03-18 07:14:42	1	0	1	0
24764	2026-03-18 07:14:49	1	0	1	0
24764	2026-03-18 07:14:59	1	0	1	0
21287	2026-03-18 07:16:25	1	0	1	0
 3688	2026-03-18 07:29:17	1	0	1	0
25346	2026-03-18 07:36:11	1	0	1	0
 1790	2026-03-18 07:37:17	1	0	1	0
 2722	2026-03-18 07:42:08	1	0	1	0
 2722	2026-03-18 07:42:14	1	0	1	0
 7662	2026-03-18 07:42:28	1	0	1	0
 2312	2026-03-18 07:42:41	1	0	1	0
 1928	2026-03-18 07:43:15	1	0	1	0
 1928	2026-03-18 07:43:18	1	0	1	0
41153	2026-03-18 07:45:16	1	0	1	0
 5024	2026-03-18 07:49:43	1	0	1	0
13418	2026-03-18 07:49:52	1	0	1	0
13418	2026-03-18 07:50:01	1	0	1	0
48983	2026-03-18 07:50:15	1	0	1	0
13418	2026-03-18 07:50:32	1	0	1	0
 9509	2026-03-18 07:53:10	1	0	1	0
 9061	2026-03-18 07:55:20	1	0	1	0
 9061	2026-03-18 07:55:24	1	0	1	0
24215	2026-03-18 07:55:33	1	0	1	0
24215	2026-03-18 07:55:35	1	0	1	0
 3557	2026-03-18 07:55:47	1	0	1	0
 3557	2026-03-18 07:55:53	1	0	1	0
 2667	2026-03-18 07:56:12	1	2	1	0
 8541	2026-03-18 07:57:03	1	0	1	0
24526	2026-03-18 09:29:25	1	2	1	0
 1022	2026-03-18 10:51:25	1	2	1	0
18597	2026-03-18 12:01:05	1	2	1	0
 5024	2026-03-18 12:01:15	1	2	1	0
48983	2026-03-18 12:01:27	1	2	1	0
   13	2026-03-18 12:01:32	1	2	1	0
 3557	2026-03-18 12:01:43	1	2	1	0
 3557	2026-03-18 12:01:48	1	2	1	0
 1790	2026-03-18 12:01:55	1	2	1	0
 9061	2026-03-18 12:02:02	1	2	1	0
 9061	2026-03-18 12:02:05	1	2	1	0
50456	2026-03-18 12:02:11	1	2	1	0
 4681	2026-03-18 12:02:17	1	2	1	0
 9509	2026-03-18 12:02:26	1	2	1	0
 5974	2026-03-18 12:02:34	1	2	1	0
53520	2026-03-18 12:02:41	1	2	1	0
53520	2026-03-18 12:02:44	1	2	1	0
 5329	2026-03-18 12:02:54	1	2	1	0
  246	2026-03-18 12:02:59	1	2	1	0
 1928	2026-03-18 12:03:06	1	2	1	0
 2722	2026-03-18 12:03:14	1	2	1	0
 2312	2026-03-18 12:03:21	1	2	1	0
21287	2026-03-18 12:03:30	1	2	1	0
25346	2026-03-18 12:03:38	1	2	1	0
 8523	2026-03-18 12:03:46	1	2	1	0
 7662	2026-03-18 12:03:52	1	2	1	0
 7662	2026-03-18 12:03:54	1	2	1	0
 3688	2026-03-18 12:04:04	1	2	1	0
  110	2026-03-18 12:04:11	1	2	1	0
12961	2026-03-18 12:04:21	1	2	1	0
41153	2026-03-18 12:04:34	1	2	1	0
24215	2026-03-18 12:04:46	1	2	1	0
24215	2026-03-18 12:04:52	1	2	1	0
13418	2026-03-18 12:05:15	1	2	1	0
13418	2026-03-18 12:05:22	1	2	1	0
 9061	2026-03-18 12:05:30	1	3	1	0
 8523	2026-03-18 12:05:45	1	3	1	0
 5974	2026-03-18 12:05:52	1	2	1	0
 5024	2026-03-18 12:06:03	1	3	1	0
 1928	2026-03-18 12:06:15	1	2	1	0
  246	2026-03-18 12:06:29	1	3	1	0
 1022	2026-03-18 12:06:37	1	3	1	0
 7662	2026-03-18 12:07:13	1	3	1	0
 7662	2026-03-18 12:07:15	1	3	1	0
 2722	2026-03-18 12:07:30	1	3	1	0
 2312	2026-03-18 12:07:45	1	3	1	0
 5329	2026-03-18 12:08:10	1	3	1	0
 2312	2026-03-18 12:08:16	1	3	1	0
25346	2026-03-18 12:08:22	1	3	1	0
 3688	2026-03-18 12:08:40	1	3	1	0
  110	2026-03-18 12:08:51	1	3	1	0
50456	2026-03-18 12:09:02	1	3	1	0
 3557	2026-03-18 12:09:13	1	3	1	0
 3557	2026-03-18 12:09:19	1	3	1	0
21287	2026-03-18 12:09:25	1	3	1	0
12961	2026-03-18 12:09:33	1	3	1	0
53520	2026-03-18 12:09:51	1	3	1	0
53520	2026-03-18 12:09:53	1	3	1	0
 1928	2026-03-18 12:10:27	1	3	1	0
 1928	2026-03-18 12:10:29	1	3	1	0
 4948	2026-03-18 12:10:37	1	2	1	0
 4948	2026-03-18 12:10:39	1	2	1	0
18597	2026-03-18 12:10:47	1	3	1	0
 4948	2026-03-18 12:13:35	1	3	1	0
 4948	2026-03-18 12:13:37	1	3	1	0
 1790	2026-03-18 12:13:44	1	3	1	0
 2640	2026-03-18 12:14:18	1	3	1	0
 2640	2026-03-18 12:14:20	1	3	1	0
24764	2026-03-18 12:16:29	1	2	1	0
24764	2026-03-18 12:16:37	1	2	1	0
24215	2026-03-18 12:22:34	1	2	1	0
41153	2026-03-18 12:22:49	1	3	1	0
  283	2026-03-18 12:23:19	1	3	1	0
  283	2026-03-18 12:23:25	1	3	1	0
 8541	2026-03-18 12:24:37	1	2	1	0
24215	2026-03-18 12:25:22	1	3	1	0
24215	2026-03-18 12:25:28	1	3	1	0
24764	2026-03-18 12:27:45	1	3	1	0
24764	2026-03-18 12:27:54	1	3	1	0
   13	2026-03-18 12:29:04	1	3	1	0
24215	2026-03-18 12:35:58	1	3	1	0
 8541	2026-03-18 12:39:26	1	3	1	0
13418	2026-03-18 12:39:58	1	3	1	0
13418	2026-03-18 12:40:01	1	3	1	0
41095	2026-03-18 12:40:47	1	2	1	0
24526	2026-03-18 12:41:34	1	3	1	0
48983	2026-03-18 12:41:55	1	3	1	0
 2417	2026-03-18 12:42:33	1	3	1	0
 2417	2026-03-18 12:42:38	1	3	1	0
41095	2026-03-18 12:44:58	1	3	1	0
 4681	2026-03-18 12:57:23	1	3	1	0
 4681	2026-03-18 12:57:29	1	3	1	0
 9509	2026-03-18 12:58:29	1	3	1	0
 4265	2026-03-18 13:30:25	1	3	1	0
18597	2026-03-18 15:14:34	1	1	1	0
 4005	2026-03-18 15:45:57	1	3	1	0
 1634	2026-03-18 15:47:43	1	3	1	0
  919	2026-03-18 16:18:39	1	3	1	0
  919	2026-03-18 16:18:42	1	3	1	0
 9061	2026-03-18 17:01:08	1	1	1	0
 9061	2026-03-18 17:01:10	1	1	1	0
 1790	2026-03-18 17:01:18	1	1	1	0
 7069	2026-03-18 17:01:21	1	1	1	0
 5024	2026-03-18 17:01:29	1	1	1	0
24526	2026-03-18 17:01:41	1	1	1	0
 5974	2026-03-18 17:01:47	1	1	1	0
  110	2026-03-18 17:01:57	1	1	1	0
 7662	2026-03-18 17:02:06	1	1	1	0
 7662	2026-03-18 17:02:09	1	1	1	0
 1022	2026-03-18 17:02:19	1	1	1	0
 8523	2026-03-18 17:02:26	1	1	1	0
   13	2026-03-18 17:02:33	1	1	1	0
  512	2026-03-18 17:02:40	1	1	1	0
21287	2026-03-18 17:02:56	1	1	1	0
48983	2026-03-18 17:03:06	1	1	1	0
13418	2026-03-18 17:03:47	1	1	1	0
13418	2026-03-18 17:03:55	1	1	1	0
 5329	2026-03-18 17:05:20	1	1	1	0
 5329	2026-03-18 17:05:23	1	1	1	0
 3688	2026-03-18 17:05:30	1	1	1	0
 4681	2026-03-18 17:06:01	1	1	1	0
 4681	2026-03-18 17:06:07	1	1	1	0
41153	2026-03-18 17:06:13	1	1	1	0
 8541	2026-03-18 17:06:21	1	1	1	0
 9509	2026-03-18 17:06:31	1	1	1	0
24215	2026-03-18 17:09:34	1	1	1	0
24215	2026-03-18 17:09:37	1	1	1	0
25346	2026-03-18 17:28:41	1	1	1	0
 2312	2026-03-18 17:28:51	1	2	1	0
 3557	2026-03-18 17:29:03	1	1	1	0
 3557	2026-03-18 17:29:09	1	1	1	0
 2722	2026-03-18 17:29:15	1	1	1	0
41095	2026-03-18 18:00:49	1	1	1	0
53520	2026-03-18 18:00:59	1	1	1	0
53520	2026-03-18 18:01:02	1	1	1	0
53520	2026-03-18 18:01:11	1	1	1	0
53520	2026-03-18 18:01:13	1	1	1	0
50456	2026-03-18 18:02:22	1	1	1	0
24764	2026-03-18 18:02:30	1	1	1	0
24764	2026-03-18 18:02:38	1	1	1	0
 1928	2026-03-18 19:03:25	1	1	1	0
 1928	2026-03-18 19:03:28	1	1	1	0
 4265	2026-03-18 22:00:31	1	1	1	0
40232	2026-03-18 23:44:14	1	3	1	0
 1634	2026-03-19 00:00:40	1	2	1	0
  919	2026-03-19 00:00:49	1	2	1	0
  919	2026-03-19 00:00:52	1	2	1	0
 4005	2026-03-19 00:01:10	1	2	1	0
34197	2026-03-19 01:05:13	1	2	1	0
34197	2026-03-19 01:05:16	1	2	1	0
18597	2026-03-19 04:34:55	1	0	1	0
24526	2026-03-19 04:44:33	1	0	1	0
 9061	2026-03-19 05:35:08	1	0	1	0
 9061	2026-03-19 05:35:12	1	0	1	0
 9400	2026-03-19 05:44:32	1	0	1	0
 9400	2026-03-19 05:44:42	1	0	1	0
 1022	2026-03-19 05:53:48	1	0	1	0
 8523	2026-03-19 06:27:21	1	0	1	0
22574	2026-03-19 06:45:40	1	0	1	0
50456	2026-03-19 06:45:58	1	0	1	0
   13	2026-03-19 06:50:15	1	3	1	0
46442	2026-03-19 06:53:07	1	0	1	0
46442	2026-03-19 06:53:09	1	0	1	0
21287	2026-03-19 06:58:48	1	0	1	0
  110	2026-03-19 07:07:11	1	0	1	0
 8014	2026-03-19 07:09:57	1	0	1	0
24764	2026-03-19 07:19:06	1	0	1	0
24764	2026-03-19 07:19:13	1	0	1	0
 5974	2026-03-19 07:27:47	1	0	1	0
 3688	2026-03-19 07:29:50	1	0	1	0
 1790	2026-03-19 07:30:03	1	0	1	0
 2722	2026-03-19 07:41:06	1	0	1	0
 2722	2026-03-19 07:41:17	1	0	1	0
 2312	2026-03-19 07:45:33	1	0	1	0
48983	2026-03-19 07:49:32	1	0	1	0
41153	2026-03-19 07:51:17	1	0	1	0
 8541	2026-03-19 07:52:45	1	0	1	0
24215	2026-03-19 07:53:30	1	0	1	0
24215	2026-03-19 07:53:32	1	0	1	0
24215	2026-03-19 07:53:46	1	0	1	0
 8541	2026-03-19 07:57:42	1	0	1	0
 3557	2026-03-19 07:58:57	1	0	1	0
 3557	2026-03-19 07:59:04	1	0	1	0
25346	2026-03-19 07:59:18	1	0	1	0
 9509	2026-03-19 08:01:10	1	0	1	0
40232	2026-03-19 08:12:49	1	2	1	0
24526	2026-03-19 09:47:24	1	2	1	0
 9400	2026-03-19 10:08:39	1	2	1	0
 1022	2026-03-19 10:08:56	1	2	1	0
   13	2026-03-19 12:01:07	1	2	1	0
 5974	2026-03-19 12:01:16	1	2	1	0
  110	2026-03-19 12:01:24	1	2	1	0
18597	2026-03-19 12:01:33	1	2	1	0
41153	2026-03-19 12:01:43	1	2	1	0
 8014	2026-03-19 12:01:49	1	2	1	0
 3557	2026-03-19 12:01:57	1	2	1	0
 3557	2026-03-19 12:02:07	1	2	1	0
 5329	2026-03-19 12:02:26	1	2	1	0
48983	2026-03-19 12:02:40	1	2	1	0
53520	2026-03-19 12:02:51	1	2	1	0
53520	2026-03-19 12:02:53	1	2	1	0
 3688	2026-03-19 12:03:08	1	2	1	0
 8523	2026-03-19 12:04:03	1	2	1	0
 1790	2026-03-19 12:04:31	1	2	1	0
13418	2026-03-19 12:04:55	1	2	1	0
13418	2026-03-19 12:04:58	1	2	1	0
24764	2026-03-19 12:05:11	1	2	1	0
24764	2026-03-19 12:05:18	1	2	1	0
  246	2026-03-19 12:05:26	1	2	1	0
 2312	2026-03-19 12:05:33	1	2	1	0
 1790	2026-03-19 12:05:51	1	3	1	0
21287	2026-03-19 12:06:02	1	2	1	0
12961	2026-03-19 12:06:10	1	2	1	0
 4948	2026-03-19 12:06:22	1	2	1	0
 4948	2026-03-19 12:06:24	1	2	1	0
 9400	2026-03-19 12:07:02	1	3	1	0
 3688	2026-03-19 12:07:11	1	3	1	0
 5974	2026-03-19 12:07:17	1	3	1	0
  110	2026-03-19 12:07:25	1	2	1	0
  110	2026-03-19 12:07:35	1	3	1	0
 8523	2026-03-19 12:07:50	1	2	1	0
 2722	2026-03-19 12:07:59	1	2	1	0
50456	2026-03-19 12:08:27	1	2	1	0
25346	2026-03-19 12:08:31	1	2	1	0
 5329	2026-03-19 12:08:48	1	3	1	0
  246	2026-03-19 12:08:54	1	3	1	0
  246	2026-03-19 12:09:02	1	3	1	0
 1022	2026-03-19 12:09:17	1	3	1	0
 3557	2026-03-19 12:09:37	1	3	1	0
 3557	2026-03-19 12:09:59	1	3	1	0
 2312	2026-03-19 12:10:07	1	3	1	0
 8014	2026-03-19 12:10:30	1	3	1	0
 4948	2026-03-19 12:10:42	1	3	1	0
 4948	2026-03-19 12:10:45	1	3	1	0
21287	2026-03-19 12:10:57	1	3	1	0
 2722	2026-03-19 12:11:19	1	3	1	0
50456	2026-03-19 12:11:35	1	3	1	0
35885	2026-03-19 12:11:53	1	2	1	0
35885	2026-03-19 12:11:55	1	2	1	0
18597	2026-03-19 12:13:17	1	3	1	0
53520	2026-03-19 12:14:32	1	3	1	0
53520	2026-03-19 12:14:34	1	3	1	0
12961	2026-03-19 12:15:42	1	3	1	0
24764	2026-03-19 12:16:04	1	3	1	0
24764	2026-03-19 12:16:11	1	3	1	0
   13	2026-03-19 12:16:18	1	3	1	0
 8541	2026-03-19 12:21:42	1	2	1	0
46442	2026-03-19 12:22:33	1	2	1	0
 9509	2026-03-19 12:22:56	1	2	1	0
25346	2026-03-19 12:23:14	1	3	1	0
41095	2026-03-19 12:24:35	1	2	1	0
41153	2026-03-19 12:25:00	1	3	1	0
24215	2026-03-19 12:26:37	1	2	1	0
24215	2026-03-19 12:26:43	1	2	1	0
  283	2026-03-19 12:27:59	1	3	1	0
  283	2026-03-19 12:28:06	1	3	1	0
24215	2026-03-19 12:30:53	1	3	1	0
24215	2026-03-19 12:30:57	1	3	1	0
24215	2026-03-19 12:31:04	1	3	1	0
48983	2026-03-19 12:34:01	1	3	1	0
 9509	2026-03-19 12:36:50	1	3	1	0
 2640	2026-03-19 12:38:43	1	3	1	0
 2640	2026-03-19 12:38:45	1	3	1	0
13418	2026-03-19 12:38:51	1	3	1	0
13418	2026-03-19 12:38:53	1	3	1	0
46442	2026-03-19 12:43:21	1	3	1	0
 4273	2026-03-19 12:43:47	1	2	1	0
 4273	2026-03-19 12:43:49	1	2	1	0
41095	2026-03-19 12:46:34	1	3	1	0
 8541	2026-03-19 12:52:06	1	3	1	0
35885	2026-03-19 12:52:14	1	3	1	0
35885	2026-03-19 12:52:17	1	3	1	0
24526	2026-03-19 12:53:12	1	3	1	0
 4265	2026-03-19 13:25:36	1	3	1	0
 9061	2026-03-19 14:01:28	1	2	1	0
18597	2026-03-19 15:11:58	1	1	1	0
 1634	2026-03-19 15:51:22	1	3	1	0
 4005	2026-03-19 16:10:55	1	3	1	0
  919	2026-03-19 16:32:46	1	3	1	0
 9640	2026-03-19 17:00:51	1	1	1	0
 9640	2026-03-19 17:00:54	1	1	1	0
 8014	2026-03-19 17:01:07	1	1	1	0
 8014	2026-03-19 17:01:13	1	1	1	0
  110	2026-03-19 17:01:22	1	1	1	0
 3557	2026-03-19 17:01:45	1	1	1	0
 3557	2026-03-19 17:01:51	1	1	1	0
 5974	2026-03-19 17:01:59	1	1	1	0
   13	2026-03-19 17:02:09	1	1	1	0
25346	2026-03-19 17:02:18	1	1	1	0
 7069	2026-03-19 17:02:26	1	1	1	0
 7069	2026-03-19 17:02:29	1	1	1	0
 8541	2026-03-19 17:02:32	1	1	1	0
 1022	2026-03-19 17:02:38	1	1	1	0
 2722	2026-03-19 17:02:44	1	1	1	0
 2312	2026-03-19 17:03:07	1	1	1	0
 8523	2026-03-19 17:03:20	1	1	1	0
41153	2026-03-19 17:03:28	1	1	1	0
48983	2026-03-19 17:03:38	1	1	1	0
21287	2026-03-19 17:04:45	1	1	1	0
13418	2026-03-19 17:08:39	1	1	1	0
13418	2026-03-19 17:08:42	1	1	1	0
 9400	2026-03-19 17:09:14	1	1	1	0
 9400	2026-03-19 17:09:22	1	1	1	0
 3261	2026-03-19 17:15:14	1	1	1	0
 3261	2026-03-19 17:15:16	1	1	1	0
24526	2026-03-19 17:18:49	1	1	1	0
 3688	2026-03-19 17:18:57	1	1	1	0
 9509	2026-03-19 17:21:57	1	1	1	0
24215	2026-03-19 17:22:06	1	1	1	0
24215	2026-03-19 17:22:12	1	1	1	0
35885	2026-03-19 17:22:18	1	1	1	0
35885	2026-03-19 17:22:21	1	1	1	0
53520	2026-03-19 18:01:36	1	1	1	0
53520	2026-03-19 18:01:38	1	1	1	0
46442	2026-03-19 18:01:44	1	1	1	0
41095	2026-03-19 18:01:55	1	1	1	0
50456	2026-03-19 18:03:35	1	1	1	0
24764	2026-03-19 18:03:47	1	1	1	0
24764	2026-03-19 18:03:54	1	1	1	0
 4265	2026-03-19 21:58:24	1	1	1	0
40232	2026-03-19 23:40:06	1	1	1	0
 1634	2026-03-20 00:02:45	1	2	1	0
 4005	2026-03-20 00:03:04	1	2	1	0
  919	2026-03-20 00:07:07	1	2	1	0
  919	2026-03-20 00:07:09	1	2	1	0
34197	2026-03-20 01:07:05	1	2	1	0
34197	2026-03-20 01:07:08	1	2	1	0
18597	2026-03-20 04:32:34	1	0	1	0
24526	2026-03-20 04:51:37	1	0	1	0
 9400	2026-03-20 05:38:45	1	0	1	0
 1022	2026-03-20 05:58:48	1	0	1	0
 8523	2026-03-20 06:33:04	1	0	1	0
   13	2026-03-20 06:40:05	1	3	1	0
 8014	2026-03-20 07:02:49	1	0	1	0
 7662	2026-03-20 07:08:23	1	0	1	0
 1928	2026-03-20 07:14:02	1	0	1	0
 1928	2026-03-20 07:14:04	1	0	1	0
 5974	2026-03-20 07:16:27	1	0	1	0
25346	2026-03-20 07:24:16	1	0	1	0
 2722	2026-03-20 07:36:39	1	0	1	0
 2722	2026-03-20 07:36:45	1	0	1	0
 9509	2026-03-20 07:42:22	1	0	1	0
 3688	2026-03-20 07:43:42	1	0	1	0
 5024	2026-03-20 07:44:24	1	0	1	0
 2312	2026-03-20 07:44:53	1	3	1	0
 2312	2026-03-20 07:45:00	1	3	1	0
 3557	2026-03-20 07:46:04	1	0	1	0
 3557	2026-03-20 07:46:17	1	0	1	0
 4681	2026-03-20 07:50:54	1	0	1	0
 4681	2026-03-20 07:51:02	1	0	1	0
 9061	2026-03-20 07:54:17	1	0	1	0
 9061	2026-03-20 07:54:20	1	0	1	0
24215	2026-03-20 07:54:29	1	0	1	0
24215	2026-03-20 07:54:33	1	0	1	0
24215	2026-03-20 07:55:32	1	0	1	0
  512	2026-03-20 07:55:39	1	0	1	0
40232	2026-03-20 08:04:15	1	2	1	0
 1790	2026-03-20 08:14:53	1	0	1	0
24526	2026-03-20 09:18:15	1	2	1	0
 9400	2026-03-20 10:01:52	1	2	1	0
 9400	2026-03-20 10:02:02	1	2	1	0
 1022	2026-03-20 10:05:27	1	2	1	0
   13	2026-03-20 12:01:09	1	2	1	0
 7662	2026-03-20 12:01:16	1	2	1	0
 9061	2026-03-20 12:01:25	1	2	1	0
 9061	2026-03-20 12:01:28	1	2	1	0
 9509	2026-03-20 12:01:38	1	2	1	0
 2722	2026-03-20 12:01:46	1	2	1	0
 3557	2026-03-20 12:01:52	1	2	1	0
 3557	2026-03-20 12:01:58	1	2	1	0
 8523	2026-03-20 12:02:05	1	2	1	0
18597	2026-03-20 12:02:12	1	2	1	0
 2312	2026-03-20 12:02:25	1	2	1	0
 5024	2026-03-20 12:02:32	1	2	1	0
 5329	2026-03-20 12:02:42	1	2	1	0
  246	2026-03-20 12:02:48	1	2	1	0
 1928	2026-03-20 12:02:54	1	2	1	0
 8014	2026-03-20 12:03:01	1	2	1	0
 4681	2026-03-20 12:03:43	1	2	1	0
24215	2026-03-20 12:03:50	1	2	1	0
24215	2026-03-20 12:03:56	1	2	1	0
 9061	2026-03-20 12:04:11	1	3	1	0
 8523	2026-03-20 12:04:34	1	3	1	0
 1022	2026-03-20 12:04:46	1	3	1	0
25346	2026-03-20 12:04:59	1	2	1	0
 7662	2026-03-20 12:05:20	1	3	1	0
 2312	2026-03-20 12:05:26	1	3	1	0
 5974	2026-03-20 12:05:51	1	2	1	0
 2312	2026-03-20 12:06:01	1	3	1	0
 2722	2026-03-20 12:06:12	1	3	1	0
 3557	2026-03-20 12:06:30	1	3	1	0
 3557	2026-03-20 12:06:39	1	3	1	0
 5974	2026-03-20 12:06:55	1	3	1	0
 5024	2026-03-20 12:07:11	1	3	1	0
  246	2026-03-20 12:07:27	1	3	1	0
 1928	2026-03-20 12:07:37	1	3	1	0
 1928	2026-03-20 12:07:39	1	3	1	0
 5329	2026-03-20 12:07:52	1	3	1	0
24215	2026-03-20 12:08:12	1	2	1	0
12961	2026-03-20 12:11:52	1	2	1	0
18597	2026-03-20 12:12:38	1	3	1	0
13418	2026-03-20 12:12:59	1	2	1	0
13418	2026-03-20 12:13:07	1	2	1	0
 3688	2026-03-20 12:13:15	1	2	1	0
 9400	2026-03-20 12:13:37	1	3	1	0
25346	2026-03-20 12:15:55	1	3	1	0
 8014	2026-03-20 12:16:07	1	3	1	0
 3688	2026-03-20 12:16:16	1	3	1	0
12961	2026-03-20 12:16:24	1	3	1	0
 4948	2026-03-20 12:18:39	1	3	1	0
 4948	2026-03-20 12:18:42	1	3	1	0
   13	2026-03-20 12:19:01	1	3	1	0
13418	2026-03-20 12:20:52	1	3	1	0
13418	2026-03-20 12:20:59	1	3	1	0
  283	2026-03-20 12:26:24	1	3	1	0
  283	2026-03-20 12:26:35	1	3	1	0
  283	2026-03-20 12:26:41	1	3	1	0
48983	2026-03-20 12:31:45	1	3	1	0
 4681	2026-03-20 12:34:05	1	3	1	0
 9509	2026-03-20 12:34:14	1	3	1	0
24215	2026-03-20 12:44:55	1	3	1	0
24215	2026-03-20 12:44:58	1	3	1	0
24526	2026-03-20 12:46:10	1	3	1	0
 1790	2026-03-20 12:51:35	1	2	1	0
 1790	2026-03-20 12:52:13	1	3	1	0
 4265	2026-03-20 13:30:37	1	3	1	0
18597	2026-03-20 15:19:03	1	1	1	0
 4005	2026-03-20 15:39:48	1	3	1	0
  919	2026-03-20 16:10:11	1	3	1	0
 9640	2026-03-20 17:00:52	1	1	1	0
 9640	2026-03-20 17:00:55	1	1	1	0
24526	2026-03-20 17:01:05	1	1	1	0
   13	2026-03-20 17:01:12	1	1	1	0
 2722	2026-03-20 17:01:18	1	1	1	0
 5024	2026-03-20 17:01:26	1	1	1	0
 5974	2026-03-20 17:01:34	1	1	1	0
 7069	2026-03-20 17:01:40	1	1	1	0
 3557	2026-03-20 17:01:47	1	1	1	0
 3557	2026-03-20 17:01:53	1	1	1	0
 2649	2026-03-20 17:02:05	1	1	1	0
 8014	2026-03-20 17:02:11	1	1	1	0
 2312	2026-03-20 17:02:26	1	1	1	0
 2312	2026-03-20 17:02:37	1	1	1	0
 9061	2026-03-20 17:02:45	1	1	1	0
 9061	2026-03-20 17:02:48	1	1	1	0
 1022	2026-03-20 17:02:57	1	1	1	0
 7662	2026-03-20 17:03:04	1	1	1	0
 7662	2026-03-20 17:03:06	1	1	1	0
 4681	2026-03-20 17:03:12	1	1	1	0
25346	2026-03-20 17:03:20	1	1	1	0
 9509	2026-03-20 17:03:30	1	1	1	0
 9400	2026-03-20 17:03:40	1	1	1	0
24215	2026-03-20 17:03:51	1	1	1	0
24215	2026-03-20 17:03:53	1	1	1	0
 3261	2026-03-20 17:04:14	1	1	1	0
 3261	2026-03-20 17:04:16	1	1	1	0
13418	2026-03-20 17:05:00	1	1	1	0
13418	2026-03-20 17:05:03	1	1	1	0
13418	2026-03-20 17:05:35	1	1	1	0
 8523	2026-03-20 17:07:01	1	1	1	0
 3688	2026-03-20 17:07:29	1	1	1	0
 1790	2026-03-20 18:09:02	1	1	1	0
 1928	2026-03-20 19:01:04	1	1	1	0
 1928	2026-03-20 19:01:07	1	1	1	0
48983	2026-03-20 21:51:38	1	1	1	0
 4265	2026-03-20 21:58:04	1	1	1	0
40232	2026-03-20 23:32:00	1	3	1	0
 2667	2026-03-20 23:50:25	1	0	1	0
  919	2026-03-21 00:00:56	1	2	1	0
  919	2026-03-21 00:00:59	1	2	1	0
 4005	2026-03-21 00:02:05	1	2	1	0
34197	2026-03-21 01:07:31	1	2	1	0
34197	2026-03-21 01:07:33	1	2	1	0
18597	2026-03-21 04:31:06	1	0	1	0
24526	2026-03-21 05:03:05	1	0	1	0
 9400	2026-03-21 05:29:11	1	0	1	0
 9400	2026-03-21 05:29:19	1	0	1	0
 1022	2026-03-21 05:49:48	1	0	1	0
   13	2026-03-21 06:46:24	1	3	1	0
21287	2026-03-21 07:07:03	1	0	1	0
48983	2026-03-21 07:08:05	1	0	1	0
  110	2026-03-21 07:08:31	1	0	1	0
 8014	2026-03-21 07:18:33	1	0	1	0
 7662	2026-03-21 07:34:46	1	0	1	0
 7662	2026-03-21 07:34:53	1	0	1	0
 7662	2026-03-21 07:34:55	1	0	1	0
 3688	2026-03-21 07:35:43	1	0	1	0
 5024	2026-03-21 07:36:33	1	0	1	0
 9509	2026-03-21 07:42:10	1	0	1	0
 2722	2026-03-21 07:43:56	1	0	1	0
 2722	2026-03-21 07:44:03	1	0	1	0
 1032	2026-03-21 07:47:09	1	0	1	0
 1032	2026-03-21 07:47:11	1	0	1	0
 1032	2026-03-21 07:47:13	1	0	1	0
 2312	2026-03-21 07:47:58	1	3	1	0
25346	2026-03-21 07:49:43	1	0	1	0
 9061	2026-03-21 07:55:57	1	0	1	0
 9061	2026-03-21 07:55:59	1	0	1	0
 2667	2026-03-21 07:59:29	1	2	1	0
 2667	2026-03-21 07:59:34	1	2	1	0
 3557	2026-03-21 07:59:43	1	3	1	0
 3557	2026-03-21 07:59:49	1	3	1	0
 3557	2026-03-21 07:59:55	1	3	1	0
13418	2026-03-21 08:00:39	1	0	1	0
40232	2026-03-21 08:08:32	1	0	1	0
 4681	2026-03-21 08:14:13	1	0	1	0
 4681	2026-03-21 08:14:19	1	0	1	0
 1928	2026-03-21 08:15:07	1	0	1	0
 1928	2026-03-21 08:15:10	1	0	1	0
 9400	2026-03-21 10:01:22	1	2	1	0
 1022	2026-03-21 10:11:34	1	2	1	0
24526	2026-03-21 10:32:55	1	2	1	0
 9061	2026-03-21 12:01:04	1	2	1	0
 9061	2026-03-21 12:01:07	1	2	1	0
   13	2026-03-21 12:01:14	1	2	1	0
18597	2026-03-21 12:01:21	1	2	1	0
 4681	2026-03-21 12:01:26	1	2	1	0
  110	2026-03-21 12:01:30	1	2	1	0
  246	2026-03-21 12:01:37	1	2	1	0
 3557	2026-03-21 12:01:43	1	2	1	0
 3557	2026-03-21 12:01:49	1	2	1	0
25346	2026-03-21 12:01:56	1	2	1	0
 2312	2026-03-21 12:02:02	1	2	1	0
21287	2026-03-21 12:02:10	1	2	1	0
 7662	2026-03-21 12:02:21	1	2	1	0
 8014	2026-03-21 12:02:30	1	2	1	0
 9509	2026-03-21 12:02:38	1	2	1	0
48983	2026-03-21 12:02:50	1	2	1	0
 2640	2026-03-21 12:02:58	1	2	1	0
 2722	2026-03-21 12:03:04	1	2	1	0
 1928	2026-03-21 12:03:10	1	2	1	0
 1928	2026-03-21 12:03:13	1	2	1	0
 3688	2026-03-21 12:03:41	1	2	1	0
 1022	2026-03-21 12:04:09	1	3	1	0
12961	2026-03-21 12:04:36	1	2	1	0
 7662	2026-03-21 12:04:52	1	3	1	0
 7662	2026-03-21 12:05:06	1	3	1	0
 9061	2026-03-21 12:05:14	1	3	1	0
 2640	2026-03-21 12:05:23	1	3	1	0
 2640	2026-03-21 12:05:26	1	3	1	0
 3557	2026-03-21 12:05:55	1	3	1	0
 3557	2026-03-21 12:06:02	1	3	1	0
 2312	2026-03-21 12:06:25	1	3	1	0
 2312	2026-03-21 12:06:35	1	3	1	0
  110	2026-03-21 12:07:04	1	3	1	0
 3688	2026-03-21 12:07:10	1	3	1	0
25346	2026-03-21 12:07:27	1	3	1	0
 9400	2026-03-21 12:07:39	1	3	1	0
25346	2026-03-21 12:07:46	1	2	1	0
 5024	2026-03-21 12:08:15	1	2	1	0
 2722	2026-03-21 12:08:46	1	3	1	0
18597	2026-03-21 12:09:06	1	3	1	0
 8014	2026-03-21 12:09:26	1	3	1	0
  246	2026-03-21 12:09:47	1	3	1	0
 1928	2026-03-21 12:09:56	1	3	1	0
 1928	2026-03-21 12:09:58	1	3	1	0
12961	2026-03-21 12:10:49	1	3	1	0
21287	2026-03-21 12:12:03	1	3	1	0
 4948	2026-03-21 12:13:52	1	3	1	0
 4948	2026-03-21 12:13:54	1	3	1	0
 5024	2026-03-21 12:14:34	1	3	1	0
13418	2026-03-21 12:19:03	1	2	1	0
13418	2026-03-21 12:19:10	1	2	1	0
 1032	2026-03-21 12:28:10	1	2	1	0
 1032	2026-03-21 12:28:12	1	2	1	0
 1032	2026-03-21 12:30:07	1	3	1	0
 1032	2026-03-21 12:30:09	1	3	1	0
48983	2026-03-21 12:31:22	1	3	1	0
 4681	2026-03-21 12:32:33	1	3	1	0
13418	2026-03-21 12:35:11	1	3	1	0
   13	2026-03-21 12:36:46	1	3	1	0
 4273	2026-03-21 12:43:53	1	2	1	0
 4273	2026-03-21 12:43:55	1	2	1	0
 4273	2026-03-21 12:45:56	1	3	1	0
 4273	2026-03-21 12:45:58	1	3	1	0
 9509	2026-03-21 12:49:59	1	3	1	0
24526	2026-03-21 12:52:09	1	3	1	0
 4265	2026-03-21 13:24:29	1	3	1	0
18597	2026-03-21 15:17:56	1	1	1	0
 1634	2026-03-21 15:56:43	1	3	1	0
 4005	2026-03-21 16:16:10	1	3	1	0
  512	2026-03-21 17:00:56	1	1	1	0
 9061	2026-03-21 17:01:04	1	1	1	0
 9061	2026-03-21 17:01:07	1	1	1	0
21287	2026-03-21 17:01:13	1	1	1	0
 2722	2026-03-21 17:01:19	1	1	1	0
24526	2026-03-21 17:01:25	1	1	1	0
 2312	2026-03-21 17:01:31	1	1	1	0
 8014	2026-03-21 17:01:39	1	1	1	0
 1022	2026-03-21 17:01:50	1	1	1	0
 7662	2026-03-21 17:01:56	1	1	1	0
 7662	2026-03-21 17:01:58	1	1	1	0
 1032	2026-03-21 17:02:02	1	1	1	0
 1032	2026-03-21 17:02:05	1	1	1	0
 3557	2026-03-21 17:02:10	1	1	1	0
 3557	2026-03-21 17:02:17	1	1	1	0
  110	2026-03-21 17:02:25	1	1	1	0
 9509	2026-03-21 17:02:33	1	1	1	0
 4681	2026-03-21 17:02:42	1	1	1	0
 9400	2026-03-21 17:03:56	1	1	1	0
 5024	2026-03-21 17:04:08	1	1	1	0
 3688	2026-03-21 17:04:36	1	1	1	0
13418	2026-03-21 17:08:09	1	1	1	0
13418	2026-03-21 17:08:12	1	1	1	0
48983	2026-03-21 17:13:40	1	1	1	0
25346	2026-03-21 17:17:16	1	1	1	0
 2649	2026-03-21 17:17:37	1	1	1	0
 1928	2026-03-21 19:01:05	1	1	1	0
 1928	2026-03-21 19:01:07	1	1	1	0
 4265	2026-03-21 21:45:58	1	1	1	0
 2667	2026-03-21 23:50:33	1	3	1	0
40232	2026-03-21 23:51:05	1	3	1	0
 4005	2026-03-22 00:01:14	1	2	1	0
 1634	2026-03-22 00:01:37	1	2	1	0
 1790	2026-03-22 04:54:28	1	0	1	0
 9400	2026-03-22 05:42:40	1	0	1	0
 9400	2026-03-22 05:42:48	1	0	1	0
 1022	2026-03-22 05:52:03	1	0	1	0
 8523	2026-03-22 06:22:09	1	0	1	0
   13	2026-03-22 06:38:40	1	3	1	0
21287	2026-03-22 06:51:59	1	0	1	0
 1032	2026-03-22 06:58:42	1	0	1	0
 1032	2026-03-22 06:58:45	1	0	1	0
 7662	2026-03-22 06:59:22	1	0	1	0
 7662	2026-03-22 06:59:25	1	0	1	0
 8014	2026-03-22 07:03:28	1	0	1	0
  110	2026-03-22 07:18:52	1	0	1	0
 5024	2026-03-22 07:40:23	1	0	1	0
 3688	2026-03-22 07:43:31	1	0	1	0
 2312	2026-03-22 07:45:47	1	3	1	0
 2312	2026-03-22 07:45:53	1	3	1	0
41153	2026-03-22 07:48:54	1	0	1	0
25346	2026-03-22 08:00:16	1	0	1	0
25346	2026-03-22 08:00:19	1	0	1	0
 2667	2026-03-22 08:01:18	1	2	1	0
40232	2026-03-22 08:03:48	1	2	1	0
 9400	2026-03-22 10:04:09	1	2	1	0
 1022	2026-03-22 10:04:38	1	2	1	0
 5024	2026-03-22 12:01:30	1	2	1	0
  110	2026-03-22 12:01:41	1	2	1	0
   13	2026-03-22 12:01:47	1	2	1	0
 3688	2026-03-22 12:02:01	1	2	1	0
25346	2026-03-22 12:02:08	1	2	1	0
 2649	2026-03-22 12:02:19	1	2	1	0
 8523	2026-03-22 12:02:42	1	2	1	0
41153	2026-03-22 12:02:50	1	2	1	0
 8014	2026-03-22 12:03:26	1	2	1	0
 3688	2026-03-22 12:03:50	1	3	1	0
 2649	2026-03-22 12:05:14	1	3	1	0
25346	2026-03-22 12:05:30	1	3	1	0
25346	2026-03-22 12:05:37	1	3	1	0
 8523	2026-03-22 12:05:49	1	2	1	0
  110	2026-03-22 12:06:21	1	3	1	0
21287	2026-03-22 12:06:35	1	2	1	0
 2312	2026-03-22 12:06:45	1	2	1	0
 2312	2026-03-22 12:06:50	1	2	1	0
  246	2026-03-22 12:07:16	1	2	1	0
 8014	2026-03-22 12:09:08	1	3	1	0
 1790	2026-03-22 12:11:08	1	2	1	0
  246	2026-03-22 12:11:48	1	3	1	0
  246	2026-03-22 12:11:52	1	3	1	0
 2312	2026-03-22 12:12:00	1	3	1	0
 2312	2026-03-22 12:12:08	1	3	1	0
 1022	2026-03-22 12:12:20	1	3	1	0
 1790	2026-03-22 12:12:45	1	3	1	0
21287	2026-03-22 12:12:56	1	3	1	0
 5024	2026-03-22 12:17:25	1	3	1	0
   13	2026-03-22 12:17:34	1	3	1	0
41153	2026-03-22 12:23:39	1	3	1	0
 7662	2026-03-22 12:23:46	1	3	1	0
 7662	2026-03-22 12:23:53	1	3	1	0
 7662	2026-03-22 12:24:52	1	2	1	0
 7662	2026-03-22 12:24:54	1	2	1	0
 9400	2026-03-22 12:25:12	1	3	1	0
 7662	2026-03-22 12:27:44	1	3	1	0
 7662	2026-03-22 12:27:46	1	3	1	0
 2640	2026-03-22 12:28:38	1	3	1	0
 2640	2026-03-22 12:28:41	1	3	1	0
 1032	2026-03-22 12:28:56	1	2	1	0
 1032	2026-03-22 12:28:58	1	2	1	0
 1032	2026-03-22 12:30:47	1	3	1	0
 1032	2026-03-22 12:30:51	1	3	1	0
48983	2026-03-22 12:31:46	1	3	1	0
 9061	2026-03-22 13:53:02	1	3	1	0
 9061	2026-03-22 13:53:05	1	3	1	0
 1634	2026-03-22 15:50:45	1	3	1	0
  919	2026-03-22 16:25:07	1	3	1	0
  919	2026-03-22 16:25:09	1	3	1	0
21287	2026-03-22 17:01:09	1	1	1	0
21287	2026-03-22 17:01:12	1	1	1	0
 2312	2026-03-22 17:01:18	1	1	1	0
 2312	2026-03-22 17:01:24	1	1	1	0
 1022	2026-03-22 17:01:31	1	1	1	0
25346	2026-03-22 17:01:38	1	1	1	0
 5024	2026-03-22 17:01:46	1	1	1	0
 8014	2026-03-22 17:01:57	1	1	1	0
 7662	2026-03-22 17:02:06	1	1	1	0
 7662	2026-03-22 17:02:10	1	1	1	0
 7662	2026-03-22 17:02:13	1	1	1	0
 3688	2026-03-22 17:02:20	1	1	1	0
41153	2026-03-22 17:02:37	1	1	1	0
 8523	2026-03-22 17:03:28	1	1	1	0
 9400	2026-03-22 17:05:16	1	1	1	0
  110	2026-03-22 17:05:27	1	1	1	0
 1032	2026-03-22 17:44:32	1	1	1	0
 1032	2026-03-22 17:44:34	1	1	1	0
48983	2026-03-22 21:55:03	1	1	1	0
 9061	2026-03-22 22:00:27	1	1	1	0
 9061	2026-03-22 22:00:31	1	1	1	0
40232	2026-03-22 23:43:42	1	1	1	0
 2667	2026-03-22 23:59:18	1	3	1	0
  919	2026-03-23 00:01:30	1	2	1	0
  919	2026-03-23 00:01:32	1	2	1	0
 1634	2026-03-23 00:01:42	1	2	1	0
34197	2026-03-23 01:11:19	1	2	1	0
34197	2026-03-23 01:11:22	1	2	1	0
18597	2026-03-23 04:42:23	1	0	1	0
24526	2026-03-23 04:48:14	1	0	1	0
 9400	2026-03-23 05:53:07	1	0	1	0
 9400	2026-03-23 05:53:15	1	0	1	0
 8523	2026-03-23 06:27:55	1	0	1	0
22574	2026-03-23 06:43:11	1	0	1	0
24764	2026-03-23 06:51:19	1	0	1	0
24764	2026-03-23 06:51:27	1	0	1	0
 8014	2026-03-23 06:53:50	1	0	1	0
  110	2026-03-23 07:09:52	1	0	1	0
21287	2026-03-23 07:10:00	1	0	1	0
 7662	2026-03-23 07:12:29	1	0	1	0
 7662	2026-03-23 07:12:33	1	0	1	0
 2649	2026-03-23 07:12:49	1	0	1	0
25346	2026-03-23 07:12:57	1	0	1	0
 5974	2026-03-23 07:24:05	1	0	1	0
 5974	2026-03-23 07:24:13	1	0	1	0
 3688	2026-03-23 07:39:04	1	0	1	0
48983	2026-03-23 07:41:16	1	0	1	0
 2312	2026-03-23 07:41:47	1	3	1	0
41153	2026-03-23 07:44:09	1	0	1	0
 5024	2026-03-23 07:46:54	1	0	1	0
24215	2026-03-23 07:47:52	1	0	1	0
24215	2026-03-23 07:47:54	1	0	1	0
24215	2026-03-23 07:48:00	1	0	1	0
 3557	2026-03-23 07:48:52	1	0	1	0
 3557	2026-03-23 07:48:58	1	0	1	0
 9061	2026-03-23 07:52:53	1	0	1	0
 9061	2026-03-23 07:52:56	1	0	1	0
 9509	2026-03-23 07:53:27	1	0	1	0
 2722	2026-03-23 07:55:01	1	0	1	0
 2722	2026-03-23 07:55:07	1	0	1	0
13418	2026-03-23 07:56:48	1	0	1	0
13418	2026-03-23 07:56:55	1	0	1	0
 8541	2026-03-23 08:00:39	1	0	1	0
40232	2026-03-23 08:01:18	1	2	1	0
 2667	2026-03-23 08:02:56	1	2	1	0
24526	2026-03-23 09:32:31	1	0	1	0
24526	2026-03-23 09:33:02	1	2	1	0
 9400	2026-03-23 10:03:13	1	2	1	0
 9061	2026-03-23 12:01:05	1	2	1	0
 9061	2026-03-23 12:01:09	1	2	1	0
 5024	2026-03-23 12:01:20	1	2	1	0
 3688	2026-03-23 12:01:29	1	2	1	0
 8014	2026-03-23 12:01:36	1	2	1	0
 5974	2026-03-23 12:01:44	1	2	1	0
25346	2026-03-23 12:01:51	1	2	1	0
 8523	2026-03-23 12:02:05	1	2	1	0
  110	2026-03-23 12:02:14	1	2	1	0
  246	2026-03-23 12:02:20	1	2	1	0
50456	2026-03-23 12:02:26	1	2	1	0
48983	2026-03-23 12:02:32	1	2	1	0
18597	2026-03-23 12:02:38	1	2	1	0
 7662	2026-03-23 12:02:46	1	2	1	0
 7662	2026-03-23 12:02:48	1	2	1	0
12961	2026-03-23 12:02:56	1	2	1	0
 5329	2026-03-23 12:03:11	1	2	1	0
21287	2026-03-23 12:03:17	1	2	1	0
 2312	2026-03-23 12:03:24	1	2	1	0
53520	2026-03-23 12:03:31	1	2	1	0
53520	2026-03-23 12:03:34	1	2	1	0
 2722	2026-03-23 12:03:39	1	2	1	0
 1928	2026-03-23 12:03:46	1	2	1	0
 4681	2026-03-23 12:03:52	1	2	1	0
 4681	2026-03-23 12:03:58	1	2	1	0
41153	2026-03-23 12:04:04	1	2	1	0
24764	2026-03-23 12:04:17	1	2	1	0
24764	2026-03-23 12:04:25	1	2	1	0
50456	2026-03-23 12:04:35	1	3	1	0
 5974	2026-03-23 12:04:42	1	3	1	0
 9061	2026-03-23 12:04:50	1	3	1	0
 3557	2026-03-23 12:05:07	1	2	1	0
 3557	2026-03-23 12:05:13	1	2	1	0
 8523	2026-03-23 12:05:20	1	3	1	0
 3688	2026-03-23 12:05:42	1	3	1	0
  110	2026-03-23 12:05:53	1	3	1	0
 2312	2026-03-23 12:06:01	1	3	1	0
25346	2026-03-23 12:06:23	1	3	1	0
 9400	2026-03-23 12:06:40	1	3	1	0
 7662	2026-03-23 12:06:50	1	3	1	0
 7662	2026-03-23 12:06:55	1	3	1	0
46442	2026-03-23 12:07:05	1	2	1	0
 9509	2026-03-23 12:07:19	1	2	1	0
 8541	2026-03-23 12:07:40	1	2	1	0
21287	2026-03-23 12:08:57	1	3	1	0
35885	2026-03-23 12:09:06	1	3	1	0
35885	2026-03-23 12:09:08	1	3	1	0
 9640	2026-03-23 12:09:14	1	3	1	0
 9640	2026-03-23 12:09:18	1	3	1	0
 8014	2026-03-23 12:09:55	1	3	1	0
41095	2026-03-23 12:10:05	1	2	1	0
 3557	2026-03-23 12:10:18	1	3	1	0
 3557	2026-03-23 12:10:25	1	3	1	0
 5329	2026-03-23 12:10:36	1	3	1	0
 1928	2026-03-23 12:10:47	1	3	1	0
53520	2026-03-23 12:11:04	1	3	1	0
53520	2026-03-23 12:11:06	1	3	1	0
 2649	2026-03-23 12:11:15	1	2	1	0
 2722	2026-03-23 12:11:25	1	3	1	0
24215	2026-03-23 12:11:41	1	2	1	0
24215	2026-03-23 12:11:48	1	2	1	0
18597	2026-03-23 12:11:56	1	3	1	0
  246	2026-03-23 12:12:15	1	3	1	0
  246	2026-03-23 12:12:21	1	3	1	0
 2649	2026-03-23 12:12:37	1	3	1	0
12961	2026-03-23 12:13:13	1	3	1	0
24215	2026-03-23 12:19:44	1	3	1	0
24215	2026-03-23 12:19:49	1	3	1	0
13418	2026-03-23 12:22:53	1	2	1	0
 4948	2026-03-23 12:24:27	1	3	1	0
 4948	2026-03-23 12:24:29	1	3	1	0
 2640	2026-03-23 12:25:14	1	3	1	0
 2640	2026-03-23 12:25:24	1	3	1	0
24526	2026-03-23 12:26:56	1	2	1	0
24526	2026-03-23 12:27:04	1	3	1	0
41153	2026-03-23 12:28:28	1	3	1	0
41095	2026-03-23 12:29:09	1	3	1	0
 8541	2026-03-23 12:29:31	1	3	1	0
24764	2026-03-23 12:32:43	1	3	1	0
24764	2026-03-23 12:32:51	1	3	1	0
  283	2026-03-23 12:33:48	1	3	1	0
  283	2026-03-23 12:33:55	1	3	1	0
 4681	2026-03-23 12:35:18	1	3	1	0
 4681	2026-03-23 12:35:23	1	3	1	0
 9509	2026-03-23 12:35:30	1	3	1	0
46442	2026-03-23 12:35:53	1	3	1	0
48983	2026-03-23 12:36:04	1	3	1	0
13418	2026-03-23 12:39:35	1	3	1	0
13418	2026-03-23 12:39:38	1	3	1	0
 5024	2026-03-23 12:59:37	1	3	1	0
 4265	2026-03-23 13:18:55	1	3	1	0
18597	2026-03-23 15:11:05	1	1	1	0
  919	2026-03-23 15:27:31	1	3	1	0
 1634	2026-03-23 15:54:07	1	3	1	0
 4005	2026-03-23 16:18:26	1	3	1	0
 9640	2026-03-23 17:00:29	1	1	1	0
 9640	2026-03-23 17:00:32	1	1	1	0
 3261	2026-03-23 17:00:37	1	1	1	0
 3261	2026-03-23 17:00:39	1	1	1	0
 5024	2026-03-23 17:01:09	1	1	1	0
 7069	2026-03-23 17:01:16	1	1	1	0
 5329	2026-03-23 17:01:23	1	1	1	0
 3557	2026-03-23 17:01:35	1	1	1	0
 3557	2026-03-23 17:01:41	1	1	1	0
 2312	2026-03-23 17:01:48	1	1	1	0
 5974	2026-03-23 17:02:01	1	1	1	0
 5974	2026-03-23 17:02:07	1	1	1	0
 2649	2026-03-23 17:02:14	1	1	1	0
 8523	2026-03-23 17:02:27	1	1	1	0
  110	2026-03-23 17:02:35	1	1	1	0
 2722	2026-03-23 17:02:43	1	1	1	0
 8014	2026-03-23 17:02:49	1	1	1	0
21287	2026-03-23 17:02:56	1	1	1	0
 7662	2026-03-23 17:03:05	1	1	1	0
 7662	2026-03-23 17:03:15	1	1	1	0
 4681	2026-03-23 17:03:21	1	1	1	0
25346	2026-03-23 17:03:29	1	1	1	0
 9061	2026-03-23 17:03:36	1	1	1	0
 9061	2026-03-23 17:03:39	1	1	1	0
48983	2026-03-23 17:03:47	1	1	1	0
35885	2026-03-23 17:03:53	1	1	1	0
35885	2026-03-23 17:03:55	1	1	1	0
 9400	2026-03-23 17:04:30	1	1	1	0
24215	2026-03-23 17:04:50	1	1	1	0
24215	2026-03-23 17:04:52	1	1	1	0
41153	2026-03-23 17:05:21	1	1	1	0
 9509	2026-03-23 17:05:31	1	1	1	0
 8541	2026-03-23 17:05:57	1	1	1	0
 3688	2026-03-23 17:07:23	1	1	1	0
13418	2026-03-23 17:08:47	1	1	1	0
13418	2026-03-23 17:08:53	1	1	1	0
24526	2026-03-23 17:09:12	1	1	1	0
40144	2026-03-23 17:13:45	1	1	1	0
40144	2026-03-23 17:13:55	1	1	1	0
41095	2026-03-23 18:02:15	1	1	1	0
24764	2026-03-23 18:02:37	1	1	1	0
24764	2026-03-23 18:02:44	1	1	1	0
53520	2026-03-23 18:02:57	1	1	1	0
53520	2026-03-23 18:03:00	1	1	1	0
 1928	2026-03-23 19:00:54	1	1	1	0
 1928	2026-03-23 19:00:56	1	1	1	0
 4265	2026-03-23 21:58:55	1	1	1	0
40232	2026-03-23 23:48:21	1	3	1	0
 2667	2026-03-23 23:50:11	1	3	1	0
 1634	2026-03-24 00:01:14	1	2	1	0
  919	2026-03-24 00:03:19	1	2	1	0
 4005	2026-03-24 00:05:04	1	2	1	0
34197	2026-03-24 01:11:10	1	2	1	0
34197	2026-03-24 01:11:12	1	2	1	0
18597	2026-03-24 04:35:29	1	0	1	0
24526	2026-03-24 04:50:18	1	0	1	0
 9400	2026-03-24 05:26:12	1	0	1	0
 9400	2026-03-24 05:26:20	1	0	1	0
 1022	2026-03-24 05:48:01	1	0	1	0
 8523	2026-03-24 06:24:02	1	0	1	0
   13	2026-03-24 06:42:41	1	3	1	0
22574	2026-03-24 06:53:38	1	0	1	0
46442	2026-03-24 06:53:52	1	0	1	0
41095	2026-03-24 06:55:55	1	0	1	0
 5329	2026-03-24 06:56:47	1	0	1	0
 5329	2026-03-24 06:56:51	1	0	1	0
21287	2026-03-24 06:58:38	1	0	1	0
 9509	2026-03-24 07:05:14	1	0	1	0
 7662	2026-03-24 07:08:50	1	0	1	0
 3261	2026-03-24 07:09:11	1	0	1	0
 3261	2026-03-24 07:09:13	1	0	1	0
  110	2026-03-24 07:17:55	1	0	1	0
 5974	2026-03-24 07:23:42	1	0	1	0
 5974	2026-03-24 07:23:48	1	0	1	0
 2649	2026-03-24 07:24:09	1	0	1	0
24764	2026-03-24 07:24:48	1	0	1	0
24764	2026-03-24 07:24:55	1	0	1	0
 3688	2026-03-24 07:29:44	1	2	1	0
 3688	2026-03-24 07:29:48	1	2	1	0
  283	2026-03-24 07:30:21	1	0	1	0
  283	2026-03-24 07:30:28	1	0	1	0
 8541	2026-03-24 07:38:14	1	0	1	0
 1928	2026-03-24 07:41:23	1	0	1	0
 1928	2026-03-24 07:41:26	1	0	1	0
30774	2026-03-24 07:41:49	1	0	1	0
 2722	2026-03-24 07:45:56	1	0	1	0
 2722	2026-03-24 07:46:04	1	0	1	0
41153	2026-03-24 07:47:17	1	0	1	0
 3557	2026-03-24 07:48:43	1	0	1	0
 3557	2026-03-24 07:48:50	1	0	1	0
24215	2026-03-24 07:49:52	1	0	1	0
24215	2026-03-24 07:49:54	1	0	1	0
 5024	2026-03-24 07:52:40	1	0	1	0
24215	2026-03-24 07:55:42	1	0	1	0
13418	2026-03-24 08:02:23	1	0	1	0
40232	2026-03-24 08:03:20	1	2	1	0
40232	2026-03-24 08:03:28	1	2	1	0
 2667	2026-03-24 08:04:46	1	2	1	0
 1032	2026-03-24 08:06:14	1	0	1	0
 1032	2026-03-24 08:06:16	1	0	1	0
24526	2026-03-24 09:44:24	1	2	1	0
 9400	2026-03-24 10:11:11	1	2	1	0
 1022	2026-03-24 10:26:36	1	2	1	0
 3688	2026-03-24 12:01:06	1	2	1	0
 5974	2026-03-24 12:01:13	1	2	1	0
 5329	2026-03-24 12:01:21	1	2	1	0
  110	2026-03-24 12:01:26	1	2	1	0
18597	2026-03-24 12:01:32	1	2	1	0
24764	2026-03-24 12:01:43	1	2	1	0
24764	2026-03-24 12:01:50	1	2	1	0
 1928	2026-03-24 12:01:58	1	2	1	0
 1032	2026-03-24 12:02:02	1	2	1	0
 1032	2026-03-24 12:02:04	1	2	1	0
53520	2026-03-24 12:02:10	1	2	1	0
53520	2026-03-24 12:02:12	1	2	1	0
 4681	2026-03-24 12:02:21	1	2	1	0
 8523	2026-03-24 12:02:29	1	2	1	0
 3557	2026-03-24 12:02:39	1	2	1	0
 3557	2026-03-24 12:02:45	1	2	1	0
41153	2026-03-24 12:02:51	1	2	1	0
21287	2026-03-24 12:02:58	1	2	1	0
 7662	2026-03-24 12:03:06	1	2	1	0
 7662	2026-03-24 12:03:08	1	2	1	0
13418	2026-03-24 12:03:16	1	2	1	0
 3688	2026-03-24 12:04:24	1	3	1	0
  110	2026-03-24 12:04:35	1	3	1	0
 8523	2026-03-24 12:04:53	1	3	1	0
  110	2026-03-24 12:05:03	1	3	1	0
 5974	2026-03-24 12:05:34	1	3	1	0
 5329	2026-03-24 12:06:33	1	3	1	0
 1032	2026-03-24 12:06:40	1	3	1	0
 1032	2026-03-24 12:06:42	1	3	1	0
 1032	2026-03-24 12:06:45	1	3	1	0
 1032	2026-03-24 12:06:47	1	3	1	0
 1032	2026-03-24 12:06:49	1	3	1	0
 7662	2026-03-24 12:06:55	1	3	1	0
 1928	2026-03-24 12:07:06	1	2	1	0
 1928	2026-03-24 12:07:08	1	2	1	0
 9640	2026-03-24 12:07:25	1	3	1	0
 9640	2026-03-24 12:07:28	1	3	1	0
12961	2026-03-24 12:07:36	1	2	1	0
 9509	2026-03-24 12:09:01	1	2	1	0
 2722	2026-03-24 12:09:11	1	2	1	0
 8541	2026-03-24 12:09:17	1	2	1	0
 1022	2026-03-24 12:09:28	1	3	1	0
41095	2026-03-24 12:10:05	1	2	1	0
 8541	2026-03-24 12:10:46	1	3	1	0
24764	2026-03-24 12:11:10	1	3	1	0
24764	2026-03-24 12:11:18	1	3	1	0
21287	2026-03-24 12:11:28	1	3	1	0
 3557	2026-03-24 12:11:39	1	3	1	0
 3557	2026-03-24 12:11:50	1	3	1	0
12961	2026-03-24 12:12:03	1	3	1	0
 1928	2026-03-24 12:12:14	1	3	1	0
18597	2026-03-24 12:12:24	1	3	1	0
 5024	2026-03-24 12:12:39	1	2	1	0
24215	2026-03-24 12:12:48	1	2	1	0
24215	2026-03-24 12:12:55	1	2	1	0
 4948	2026-03-24 12:13:21	1	3	1	0
 4948	2026-03-24 12:13:24	1	3	1	0
 2722	2026-03-24 12:14:03	1	3	1	0
 2649	2026-03-24 12:14:14	1	2	1	0
 5024	2026-03-24 12:16:09	1	3	1	0
 2649	2026-03-24 12:17:28	1	3	1	0
46442	2026-03-24 12:20:35	1	2	1	0
46442	2026-03-24 12:20:52	1	2	1	0
  283	2026-03-24 12:21:11	1	3	1	0
  283	2026-03-24 12:21:17	1	3	1	0
53520	2026-03-24 12:21:26	1	3	1	0
53520	2026-03-24 12:21:28	1	3	1	0
41153	2026-03-24 12:21:39	1	3	1	0
24215	2026-03-24 12:32:44	1	3	1	0
24215	2026-03-24 12:32:49	1	3	1	0
 4681	2026-03-24 12:33:25	1	3	1	0
35885	2026-03-24 12:33:37	1	2	1	0
35885	2026-03-24 12:33:39	1	2	1	0
46442	2026-03-24 12:33:48	1	3	1	0
46442	2026-03-24 12:33:52	1	3	1	0
 2640	2026-03-24 12:37:19	1	3	1	0
 2640	2026-03-24 12:37:22	1	3	1	0
35885	2026-03-24 12:39:22	1	3	1	0
35885	2026-03-24 12:39:25	1	3	1	0
 9400	2026-03-24 12:41:55	1	3	1	0
41095	2026-03-24 12:42:05	1	3	1	0
 9509	2026-03-24 12:45:04	1	3	1	0
24526	2026-03-24 12:47:38	1	3	1	0
13418	2026-03-24 12:50:39	1	3	1	0
13418	2026-03-24 12:50:42	1	3	1	0
 4265	2026-03-24 13:27:31	1	3	1	0
18597	2026-03-24 15:22:10	1	1	1	0
 1634	2026-03-24 15:52:47	1	3	1	0
  919	2026-03-24 16:30:09	1	3	1	0
 4005	2026-03-24 16:32:01	1	3	1	0
 3661	2026-03-24 17:01:08	1	1	1	0
 3557	2026-03-24 17:01:15	1	1	1	0
 3557	2026-03-24 17:01:20	1	1	1	0
 5974	2026-03-24 17:01:26	1	1	1	0
 5974	2026-03-24 17:01:39	1	1	1	0
 4681	2026-03-24 17:01:44	1	1	1	0
 4681	2026-03-24 17:01:50	1	1	1	0
 9400	2026-03-24 17:01:58	1	1	1	0
  110	2026-03-24 17:02:07	1	1	1	0
 2649	2026-03-24 17:02:14	1	1	1	0
 5024	2026-03-24 17:02:21	1	1	1	0
 5024	2026-03-24 17:02:23	1	1	1	0
21287	2026-03-24 17:02:32	1	1	1	0
24526	2026-03-24 17:02:40	1	1	1	0
 8523	2026-03-24 17:02:47	1	1	1	0
 1032	2026-03-24 17:02:53	1	1	1	0
 1032	2026-03-24 17:02:55	1	1	1	0
 1022	2026-03-24 17:03:02	1	1	1	0
 7662	2026-03-24 17:03:10	1	1	1	0
 7662	2026-03-24 17:03:12	1	1	1	0
 2722	2026-03-24 17:03:18	1	1	1	0
 7069	2026-03-24 17:03:27	1	1	1	0
 7069	2026-03-24 17:03:29	1	1	1	0
13418	2026-03-24 17:03:39	1	1	1	0
13418	2026-03-24 17:03:41	1	1	1	0
13418	2026-03-24 17:03:49	1	1	1	0
 3688	2026-03-24 17:03:57	1	1	1	0
 8541	2026-03-24 17:04:32	1	1	1	0
 9509	2026-03-24 17:04:47	1	1	1	0
41153	2026-03-24 17:05:06	1	1	1	0
24215	2026-03-24 17:05:15	1	1	1	0
24215	2026-03-24 17:05:19	1	1	1	0
13418	2026-03-24 17:10:09	1	1	1	0
13418	2026-03-24 17:10:12	1	1	1	0
53520	2026-03-24 18:01:56	1	1	1	0
53520	2026-03-24 18:01:58	1	1	1	0
46442	2026-03-24 18:02:08	1	1	1	0
41095	2026-03-24 18:02:18	1	1	1	0
24764	2026-03-24 18:02:35	1	1	1	0
24764	2026-03-24 18:02:42	1	1	1	0
 1928	2026-03-24 19:00:27	1	1	1	0
 1928	2026-03-24 19:00:30	1	1	1	0
 4265	2026-03-24 22:00:45	1	1	1	0
40232	2026-03-24 23:53:15	1	3	1	0
 2667	2026-03-24 23:54:58	1	3	1	0
 1634	2026-03-25 00:00:51	1	2	1	0
  919	2026-03-25 00:01:18	1	2	1	0
 4005	2026-03-25 00:02:04	1	2	1	0
34197	2026-03-25 01:05:56	1	2	1	0
34197	2026-03-25 01:05:59	1	2	1	0
18597	2026-03-25 04:33:41	1	0	1	0
24526	2026-03-25 04:54:32	1	0	1	0
 1022	2026-03-25 05:50:36	1	0	1	0
 8523	2026-03-25 06:00:00	1	0	1	0
   13	2026-03-25 06:42:57	1	3	1	0
 9640	2026-03-25 06:47:12	1	0	1	0
 9640	2026-03-25 06:47:14	1	0	1	0
46442	2026-03-25 06:49:20	1	0	1	0
46442	2026-03-25 06:49:22	1	0	1	0
 8014	2026-03-25 06:50:48	1	0	1	0
24764	2026-03-25 06:52:05	1	0	1	0
24764	2026-03-25 06:52:13	1	0	1	0
41095	2026-03-25 06:55:20	1	0	1	0
21287	2026-03-25 07:01:06	1	0	1	0
 7662	2026-03-25 07:04:54	1	0	1	0
 7662	2026-03-25 07:04:59	1	0	1	0
 7662	2026-03-25 07:05:15	1	0	1	0
  110	2026-03-25 07:15:15	1	0	1	0
 5974	2026-03-25 07:30:13	1	0	1	0
 5974	2026-03-25 07:30:19	1	0	1	0
 9061	2026-03-25 07:30:30	1	0	1	0
 9061	2026-03-25 07:30:33	1	0	1	0
 1790	2026-03-25 07:31:48	1	0	1	0
 8541	2026-03-25 07:36:20	1	0	1	0
 3688	2026-03-25 07:38:21	1	0	1	0
 2649	2026-03-25 07:40:35	1	0	1	0
 1928	2026-03-25 07:41:05	1	0	1	0
 1928	2026-03-25 07:41:08	1	0	1	0
 4681	2026-03-25 07:42:41	1	0	1	0
 4681	2026-03-25 07:42:47	1	0	1	0
 2312	2026-03-25 07:47:52	1	3	1	0
 2312	2026-03-25 07:47:57	1	3	1	0
41153	2026-03-25 07:49:07	1	0	1	0
 9509	2026-03-25 07:49:51	1	0	1	0
 3557	2026-03-25 07:50:05	1	0	1	0
 3557	2026-03-25 07:50:11	1	0	1	0
48983	2026-03-25 07:50:17	1	0	1	0
 2722	2026-03-25 07:50:25	1	0	1	0
 2722	2026-03-25 07:50:31	1	0	1	0
 5024	2026-03-25 07:51:18	1	0	1	0
24215	2026-03-25 07:53:00	1	0	1	0
24215	2026-03-25 07:53:02	1	0	1	0
 1032	2026-03-25 08:00:00	1	0	1	0
 1032	2026-03-25 08:00:04	1	0	1	0
 1032	2026-03-25 08:00:09	1	0	1	0
 2667	2026-03-25 08:00:15	1	0	1	0
13418	2026-03-25 08:01:26	1	0	1	0
13418	2026-03-25 08:01:46	1	0	1	0
40232	2026-03-25 08:05:10	1	2	1	0
24526	2026-03-25 09:22:54	1	2	1	0
 9061	2026-03-25 12:01:04	1	2	1	0
 9061	2026-03-25 12:01:07	1	2	1	0
18597	2026-03-25 12:01:14	1	2	1	0
 5974	2026-03-25 12:01:22	1	2	1	0
  246	2026-03-25 12:01:29	1	2	1	0
 5329	2026-03-25 12:01:36	1	2	1	0
48983	2026-03-25 12:01:42	1	2	1	0
41153	2026-03-25 12:02:08	1	2	1	0
 5024	2026-03-25 12:02:32	1	2	1	0
 9640	2026-03-25 12:03:23	1	2	1	0
 3261	2026-03-25 12:03:29	1	2	1	0
 3261	2026-03-25 12:03:32	1	2	1	0
 3557	2026-03-25 12:03:47	1	2	1	0
 3557	2026-03-25 12:03:53	1	2	1	0
 8523	2026-03-25 12:04:18	1	2	1	0
 9509	2026-03-25 12:04:29	1	2	1	0
41095	2026-03-25 12:04:43	1	2	1	0
 8541	2026-03-25 12:04:54	1	2	1	0
 1928	2026-03-25 12:05:00	1	2	1	0
 9061	2026-03-25 12:05:08	1	3	1	0
 5974	2026-03-25 12:05:18	1	3	1	0
 2722	2026-03-25 12:05:24	1	3	1	0
 4948	2026-03-25 12:05:34	1	2	1	0
 4948	2026-03-25 12:05:37	1	2	1	0
 2722	2026-03-25 12:05:44	1	2	1	0
 2722	2026-03-25 12:05:54	1	2	1	0
21287	2026-03-25 12:06:01	1	2	1	0
 2312	2026-03-25 12:06:18	1	2	1	0
 1022	2026-03-25 12:06:26	1	2	1	0
  246	2026-03-25 12:06:48	1	3	1	0
12961	2026-03-25 12:06:57	1	2	1	0
 5329	2026-03-25 12:07:05	1	3	1	0
18597	2026-03-25 12:07:17	1	3	1	0
 1022	2026-03-25 12:07:42	1	3	1	0
 2312	2026-03-25 12:07:51	1	2	1	0
 2312	2026-03-25 12:07:58	1	3	1	0
 5024	2026-03-25 12:08:09	1	3	1	0
 3557	2026-03-25 12:08:20	1	3	1	0
 3557	2026-03-25 12:08:26	1	3	1	0
 9640	2026-03-25 12:08:30	1	3	1	0
 9640	2026-03-25 12:08:33	1	3	1	0
 8523	2026-03-25 12:08:42	1	3	1	0
 2722	2026-03-25 12:08:51	1	3	1	0
 3261	2026-03-25 12:09:13	1	3	1	0
 3261	2026-03-25 12:09:15	1	3	1	0
 2640	2026-03-25 12:09:32	1	2	1	0
 2640	2026-03-25 12:09:34	1	2	1	0
 4948	2026-03-25 12:10:46	1	3	1	0
 4948	2026-03-25 12:10:48	1	3	1	0
 1928	2026-03-25 12:10:59	1	3	1	0
 2640	2026-03-25 12:11:16	1	3	1	0
 2640	2026-03-25 12:11:18	1	3	1	0
21287	2026-03-25 12:12:02	1	3	1	0
 1790	2026-03-25 12:12:25	1	2	1	0
13418	2026-03-25 12:12:32	1	2	1	0
 2649	2026-03-25 12:13:15	1	2	1	0
 1032	2026-03-25 12:13:21	1	2	1	0
 1032	2026-03-25 12:13:23	1	2	1	0
 1790	2026-03-25 12:13:31	1	3	1	0
12961	2026-03-25 12:14:24	1	3	1	0
12961	2026-03-25 12:14:52	1	3	1	0
 3688	2026-03-25 12:17:42	1	2	1	0
  110	2026-03-25 12:17:48	1	2	1	0
 7662	2026-03-25 12:17:55	1	2	1	0
 7662	2026-03-25 12:17:57	1	2	1	0
 3688	2026-03-25 12:18:05	1	3	1	0
  110	2026-03-25 12:18:12	1	3	1	0
 7662	2026-03-25 12:18:20	1	3	1	0
 7662	2026-03-25 12:18:22	1	3	1	0
 8014	2026-03-25 12:18:39	1	2	1	0
 8541	2026-03-25 12:19:38	1	3	1	0
25346	2026-03-25 12:21:50	1	3	1	0
46442	2026-03-25 12:22:00	1	3	1	0
 4681	2026-03-25 12:22:09	1	2	1	0
46442	2026-03-25 12:22:16	1	3	1	0
24215	2026-03-25 12:22:31	1	2	1	0
24215	2026-03-25 12:22:33	1	2	1	0
 1032	2026-03-25 12:23:28	1	3	1	0
 1032	2026-03-25 12:23:31	1	3	1	0
 1032	2026-03-25 12:23:33	1	3	1	0
  283	2026-03-25 12:27:32	1	3	1	0
  283	2026-03-25 12:27:39	1	3	1	0
41095	2026-03-25 12:28:37	1	3	1	0
41153	2026-03-25 12:30:55	1	3	1	0
24764	2026-03-25 12:34:26	1	3	1	0
24764	2026-03-25 12:34:34	1	2	1	0
24764	2026-03-25 12:34:42	1	2	1	0
24764	2026-03-25 12:34:49	1	2	1	0
 8014	2026-03-25 12:35:14	1	3	1	0
 9509	2026-03-25 12:38:32	1	3	1	0
 2649	2026-03-25 12:38:45	1	3	1	0
24764	2026-03-25 12:40:06	1	3	1	0
24764	2026-03-25 12:40:14	1	3	1	0
 4681	2026-03-25 12:40:21	1	3	1	0
 4681	2026-03-25 12:40:25	1	3	1	0
48983	2026-03-25 12:41:46	1	3	1	0
24215	2026-03-25 12:44:58	1	3	1	0
24215	2026-03-25 12:45:01	1	3	1	0
24526	2026-03-25 12:50:57	1	3	1	0
13418	2026-03-25 12:59:09	1	3	1	0
13418	2026-03-25 12:59:11	1	3	1	0
 4265	2026-03-25 13:24:26	1	3	1	0
18597	2026-03-25 15:11:12	1	1	1	0
  919	2026-03-25 16:09:13	1	3	1	0
 4005	2026-03-25 16:26:31	1	3	1	0
 9061	2026-03-25 17:00:10	1	1	1	0
 9061	2026-03-25 17:00:14	1	1	1	0
21287	2026-03-25 17:01:08	1	1	1	0
24526	2026-03-25 17:01:15	1	1	1	0
 5024	2026-03-25 17:01:22	1	1	1	0
 2312	2026-03-25 17:01:34	1	1	1	0
 2312	2026-03-25 17:01:40	1	1	1	0
 2649	2026-03-25 17:01:55	1	1	1	0
 8523	2026-03-25 17:02:05	1	1	1	0
 3557	2026-03-25 17:02:12	1	1	1	0
 3557	2026-03-25 17:02:18	1	1	1	0
 1022	2026-03-25 17:02:25	1	1	1	0
 7069	2026-03-25 17:02:32	1	1	1	0
 7069	2026-03-25 17:02:35	1	1	1	0
25346	2026-03-25 17:02:42	1	1	1	0
 7662	2026-03-25 17:02:49	1	1	1	0
 7662	2026-03-25 17:02:51	1	1	1	0
35885	2026-03-25 17:02:56	1	1	1	0
35885	2026-03-25 17:02:59	1	1	1	0
41153	2026-03-25 17:03:05	1	1	1	0
  512	2026-03-25 17:03:15	1	1	1	0
 8014	2026-03-25 17:03:23	1	1	1	0
  110	2026-03-25 17:03:30	1	1	1	0
 5974	2026-03-25 17:03:37	1	1	1	0
48983	2026-03-25 17:03:45	1	1	1	0
 2722	2026-03-25 17:03:51	1	1	1	0
 4681	2026-03-25 17:03:58	1	1	1	0
 3688	2026-03-25 17:04:04	1	1	1	0
 9509	2026-03-25 17:04:23	1	1	1	0
 8541	2026-03-25 17:04:49	1	1	1	0
24215	2026-03-25 17:05:44	1	1	1	0
24215	2026-03-25 17:05:46	1	1	1	0
 1790	2026-03-25 17:07:14	1	1	1	0
 5329	2026-03-25 17:09:15	1	2	1	0
 5329	2026-03-25 17:09:18	1	2	1	0
13418	2026-03-25 17:11:23	1	1	1	0
 1032	2026-03-25 17:11:25	1	1	1	0
 1032	2026-03-25 17:11:28	1	1	1	0
13418	2026-03-25 17:11:33	1	1	1	0
24764	2026-03-25 18:01:15	1	1	1	0
24764	2026-03-25 18:01:27	1	1	1	0
53520	2026-03-25 18:02:33	1	1	1	0
53520	2026-03-25 18:02:36	1	1	1	0
46442	2026-03-25 18:02:46	1	1	1	0
41095	2026-03-25 18:03:16	1	1	1	0
 1928	2026-03-25 19:27:56	1	1	1	0
 1928	2026-03-25 19:27:58	1	1	1	0
 4265	2026-03-25 21:59:24	1	1	1	0
  919	2026-03-26 00:02:29	1	2	1	0
  919	2026-03-26 00:02:32	1	2	1	0
 4005	2026-03-26 00:03:33	1	2	1	0
 2667	2026-03-26 00:03:56	1	0	1	0
34197	2026-03-26 01:01:31	1	2	1	0
34197	2026-03-26 01:01:33	1	2	1	0
18597	2026-03-26 04:34:03	1	0	1	0
24526	2026-03-26 04:50:29	1	0	1	0
 1022	2026-03-26 05:50:37	1	0	1	0
 9400	2026-03-26 05:57:40	1	0	1	0
 8523	2026-03-26 06:24:39	1	0	1	0
50456	2026-03-26 06:40:04	1	0	1	0
   13	2026-03-26 06:47:07	1	3	1	0
22574	2026-03-26 06:52:16	1	0	1	0
22574	2026-03-26 06:52:19	1	0	1	0
46442	2026-03-26 06:52:33	1	0	1	0
46442	2026-03-26 06:52:39	1	0	1	0
41095	2026-03-26 06:54:26	1	0	1	0
24764	2026-03-26 07:01:28	1	0	1	0
24764	2026-03-26 07:01:34	1	0	1	0
24764	2026-03-26 07:01:44	1	0	1	0
21287	2026-03-26 07:05:02	1	0	1	0
  110	2026-03-26 07:18:12	1	0	1	0
 8014	2026-03-26 07:21:24	1	0	1	0
25346	2026-03-26 07:23:53	1	0	1	0
 3688	2026-03-26 07:36:21	1	0	1	0
 5974	2026-03-26 07:41:06	1	0	1	0
 5974	2026-03-26 07:41:13	1	0	1	0
48983	2026-03-26 07:45:15	1	0	1	0
 1790	2026-03-26 07:45:49	1	0	1	0
 2312	2026-03-26 07:46:00	1	3	1	0
 2312	2026-03-26 07:46:09	1	3	1	0
 1032	2026-03-26 07:47:32	1	0	1	0
 1032	2026-03-26 07:47:35	1	0	1	0
 1032	2026-03-26 07:47:38	1	0	1	0
41153	2026-03-26 07:50:52	1	0	1	0
 9061	2026-03-26 07:52:40	1	0	1	0
 9061	2026-03-26 07:52:44	1	0	1	0
 2722	2026-03-26 07:52:51	1	0	1	0
 2722	2026-03-26 07:52:56	1	0	1	0
24215	2026-03-26 07:57:47	1	0	1	0
24215	2026-03-26 07:57:49	1	0	1	0
24215	2026-03-26 07:58:00	1	0	1	0
 3557	2026-03-26 07:59:36	1	0	1	0
 3557	2026-03-26 07:59:42	1	0	1	0
 9509	2026-03-26 08:00:14	1	0	1	0
 9509	2026-03-26 08:00:22	1	0	1	0
13418	2026-03-26 08:01:15	1	0	1	0
 2667	2026-03-26 08:02:16	1	2	1	0
 8541	2026-03-26 08:03:35	1	0	1	0
24526	2026-03-26 09:08:59	1	2	1	0
 9400	2026-03-26 10:01:07	1	2	1	0
 1022	2026-03-26 10:17:24	1	2	1	0
 9061	2026-03-26 12:01:04	1	2	1	0
 9061	2026-03-26 12:01:07	1	2	1	0
 3557	2026-03-26 12:01:12	1	2	1	0
 3557	2026-03-26 12:01:18	1	2	1	0
25346	2026-03-26 12:01:24	1	2	1	0
18597	2026-03-26 12:01:31	1	2	1	0
  246	2026-03-26 12:01:38	1	2	1	0
 5974	2026-03-26 12:01:45	1	2	1	0
21287	2026-03-26 12:01:51	1	2	1	0
  110	2026-03-26 12:01:59	1	2	1	0
 8014	2026-03-26 12:02:06	1	2	1	0
 8523	2026-03-26 12:02:13	1	2	1	0
48983	2026-03-26 12:02:25	1	2	1	0
 1032	2026-03-26 12:02:31	1	2	1	0
 1032	2026-03-26 12:02:33	1	2	1	0
50456	2026-03-26 12:02:44	1	2	1	0
 3688	2026-03-26 12:02:57	1	2	1	0
12961	2026-03-26 12:03:20	1	2	1	0
 9509	2026-03-26 12:03:31	1	2	1	0
24764	2026-03-26 12:03:46	1	2	1	0
24764	2026-03-26 12:03:54	1	2	1	0
 2312	2026-03-26 12:04:22	1	2	1	0
 9061	2026-03-26 12:04:29	1	3	1	0
 5974	2026-03-26 12:04:38	1	3	1	0
 3557	2026-03-26 12:05:13	1	3	1	0
 3557	2026-03-26 12:05:20	1	3	1	0
25346	2026-03-26 12:05:26	1	3	1	0
 2722	2026-03-26 12:05:37	1	2	1	0
 8523	2026-03-26 12:05:51	1	3	1	0
  246	2026-03-26 12:05:59	1	3	1	0
 1032	2026-03-26 12:06:06	1	3	1	0
 1032	2026-03-26 12:06:08	1	3	1	0
53520	2026-03-26 12:06:17	1	2	1	0
53520	2026-03-26 12:06:19	1	2	1	0
41153	2026-03-26 12:06:26	1	2	1	0
 1022	2026-03-26 12:06:34	1	3	1	0
50456	2026-03-26 12:06:43	1	3	1	0
 5329	2026-03-26 12:06:52	1	2	1	0
 5329	2026-03-26 12:06:56	1	2	1	0
21287	2026-03-26 12:07:03	1	3	1	0
 8014	2026-03-26 12:07:49	1	3	1	0
 9640	2026-03-26 12:07:58	1	3	1	0
 9640	2026-03-26 12:08:01	1	3	1	0
 3688	2026-03-26 12:08:13	1	3	1	0
  110	2026-03-26 12:08:20	1	3	1	0
 2312	2026-03-26 12:08:35	1	3	1	0
 2312	2026-03-26 12:08:45	1	3	1	0
 1790	2026-03-26 12:09:05	1	2	1	0
 8014	2026-03-26 12:09:13	1	3	1	0
13418	2026-03-26 12:09:19	1	3	1	0
13418	2026-03-26 12:09:22	1	3	1	0
 2722	2026-03-26 12:09:50	1	2	1	0
 2722	2026-03-26 12:09:58	1	3	1	0
 2722	2026-03-26 12:10:02	1	3	1	0
12961	2026-03-26 12:10:34	1	3	1	0
24764	2026-03-26 12:10:46	1	3	1	0
24764	2026-03-26 12:10:53	1	2	1	0
24215	2026-03-26 12:12:14	1	2	1	0
24215	2026-03-26 12:12:16	1	2	1	0
18597	2026-03-26 12:12:24	1	3	1	0
 8541	2026-03-26 12:14:06	1	2	1	0
 1790	2026-03-26 12:15:02	1	3	1	0
 5329	2026-03-26 12:15:28	1	3	1	0
 3261	2026-03-26 12:16:22	1	3	1	0
 3261	2026-03-26 12:16:24	1	3	1	0
41095	2026-03-26 12:18:51	1	2	1	0
 9400	2026-03-26 12:25:59	1	3	1	0
46442	2026-03-26 12:27:13	1	2	1	0
46442	2026-03-26 12:27:16	1	2	1	0
53520	2026-03-26 12:28:44	1	3	1	0
53520	2026-03-26 12:28:47	1	3	1	0
  283	2026-03-26 12:29:52	1	3	1	0
  283	2026-03-26 12:29:59	1	3	1	0
41153	2026-03-26 12:30:13	1	3	1	0
 8541	2026-03-26 12:31:15	1	3	1	0
24215	2026-03-26 12:32:30	1	3	1	0
24215	2026-03-26 12:32:32	1	3	1	0
24215	2026-03-26 12:33:26	1	3	1	0
 2640	2026-03-26 12:33:49	1	3	1	0
 2640	2026-03-26 12:33:51	1	3	1	0
41095	2026-03-26 12:35:36	1	3	1	0
 9509	2026-03-26 12:38:32	1	3	1	0
48983	2026-03-26 12:40:29	1	3	1	0
41095	2026-03-26 12:48:54	1	3	1	0
13418	2026-03-26 12:53:08	1	3	1	0
13418	2026-03-26 12:53:22	1	3	1	0
24215	2026-03-26 12:53:38	1	3	1	0
 7069	2026-03-26 12:53:52	1	3	1	0
46442	2026-03-26 12:53:57	1	3	1	0
32171	2026-03-26 12:56:30	1	3	1	0
32171	2026-03-26 12:56:32	1	3	1	0
24526	2026-03-26 13:02:04	1	3	1	0
 4265	2026-03-26 13:19:01	1	3	1	0
 4265	2026-03-26 13:19:38	1	3	1	0
18597	2026-03-26 15:13:56	1	1	1	0
  919	2026-03-26 15:39:32	1	3	1	0
 1634	2026-03-26 15:49:54	1	3	1	0
 4005	2026-03-26 16:00:27	1	3	1	0
 9061	2026-03-26 17:00:49	1	1	1	0
 9061	2026-03-26 17:00:53	1	1	1	0
 3688	2026-03-26 17:01:05	1	1	1	0
 3688	2026-03-26 17:01:07	1	1	1	0
 1032	2026-03-26 17:01:12	1	1	1	0
 1032	2026-03-26 17:01:14	1	1	1	0
 1032	2026-03-26 17:01:16	1	1	1	0
 8014	2026-03-26 17:01:22	1	1	1	0
 5974	2026-03-26 17:01:30	1	1	1	0
  110	2026-03-26 17:01:41	1	1	1	0
13418	2026-03-26 17:01:49	1	1	1	0
 1022	2026-03-26 17:01:56	1	1	1	0
 8523	2026-03-26 17:02:03	1	1	1	0
21287	2026-03-26 17:02:09	1	1	1	0
 7069	2026-03-26 17:02:15	1	1	1	0
48983	2026-03-26 17:02:22	1	1	1	0
24526	2026-03-26 17:02:31	1	1	1	0
 8541	2026-03-26 17:05:00	1	1	1	0
 9400	2026-03-26 17:07:11	1	1	1	0
 1790	2026-03-26 17:08:24	1	1	1	0
 2722	2026-03-26 17:08:34	1	1	1	0
 2722	2026-03-26 17:08:40	1	1	1	0
41153	2026-03-26 17:10:17	1	1	1	0
 9509	2026-03-26 17:12:00	1	1	1	0
24215	2026-03-26 17:15:59	1	1	1	0
24215	2026-03-26 17:16:01	1	1	1	0
 2312	2026-03-26 17:26:56	1	2	1	0
 2312	2026-03-26 17:27:04	1	2	1	0
 3557	2026-03-26 17:29:25	1	1	1	0
 3557	2026-03-26 17:29:31	1	1	1	0
50456	2026-03-26 18:01:10	1	1	1	0
41095	2026-03-26 18:01:20	1	1	1	0
53520	2026-03-26 18:01:27	1	1	1	0
53520	2026-03-26 18:01:29	1	1	1	0
24764	2026-03-26 18:03:15	1	1	1	0
24764	2026-03-26 18:03:23	1	1	1	0
46442	2026-03-26 18:14:43	1	1	1	0
46442	2026-03-26 18:14:46	1	1	1	0
 4265	2026-03-26 21:49:31	1	1	1	0
40232	2026-03-26 23:50:59	1	3	1	0
 2667	2026-03-26 23:54:16	1	3	1	0
 4005	2026-03-27 00:01:23	1	2	1	0
  919	2026-03-27 00:01:45	1	2	1	0
 1634	2026-03-27 00:01:58	1	2	1	0
34197	2026-03-27 01:05:13	1	2	1	0
34197	2026-03-27 01:05:15	1	2	1	0
18597	2026-03-27 04:35:48	1	0	1	0
24526	2026-03-27 04:51:40	1	0	1	0
 9400	2026-03-27 05:42:12	1	0	1	0
 1022	2026-03-27 05:45:58	1	0	1	0
 8523	2026-03-27 06:20:01	1	0	1	0
   13	2026-03-27 06:34:09	1	3	1	0
 7662	2026-03-27 07:12:28	1	0	1	0
 7662	2026-03-27 07:12:31	1	0	1	0
 8014	2026-03-27 07:15:26	1	0	1	0
 1790	2026-03-27 07:23:06	1	0	1	0
 5974	2026-03-27 07:26:51	1	0	1	0
 3688	2026-03-27 07:30:13	1	0	1	0
 2649	2026-03-27 07:38:46	1	0	1	0
 5024	2026-03-27 07:44:23	1	0	1	0
 2312	2026-03-27 07:45:14	1	0	1	0
 2312	2026-03-27 07:45:20	1	0	1	0
 9509	2026-03-27 07:45:47	1	0	1	0
24215	2026-03-27 07:46:01	1	0	1	0
24215	2026-03-27 07:46:03	1	0	1	0
 2722	2026-03-27 07:46:26	1	0	1	0
 2722	2026-03-27 07:46:33	1	0	1	0
25346	2026-03-27 07:47:24	1	0	1	0
24215	2026-03-27 07:47:30	1	0	1	0
 9061	2026-03-27 07:49:38	1	0	1	0
 9061	2026-03-27 07:49:42	1	0	1	0
 3557	2026-03-27 07:51:28	1	0	1	0
 3557	2026-03-27 07:51:34	1	0	1	0
 1032	2026-03-27 07:51:41	1	0	1	0
 1032	2026-03-27 07:51:44	1	0	1	0
 1032	2026-03-27 07:51:46	1	0	1	0
13418	2026-03-27 07:59:08	1	0	1	0
13418	2026-03-27 07:59:15	1	0	1	0
 2667	2026-03-27 08:05:05	1	2	1	0
 2667	2026-03-27 08:05:11	1	2	1	0
40232	2026-03-27 08:07:02	1	2	1	0
24526	2026-03-27 09:15:08	1	2	1	0
 9400	2026-03-27 10:01:18	1	2	1	0
 1022	2026-03-27 10:23:15	1	2	1	0
 3688	2026-03-27 12:01:06	1	2	1	0
 4948	2026-03-27 12:01:12	1	2	1	0
 4948	2026-03-27 12:01:14	1	2	1	0
 9061	2026-03-27 12:01:20	1	2	1	0
 9061	2026-03-27 12:01:23	1	2	1	0
18597	2026-03-27 12:01:28	1	2	1	0
 1790	2026-03-27 12:01:36	1	2	1	0
 2722	2026-03-27 12:01:44	1	2	1	0
 3557	2026-03-27 12:01:49	1	2	1	0
 3557	2026-03-27 12:01:55	1	2	1	0
 8523	2026-03-27 12:02:02	1	2	1	0
 8014	2026-03-27 12:02:13	1	2	1	0
25346	2026-03-27 12:02:23	1	2	1	0
 2312	2026-03-27 12:02:41	1	2	1	0
 2312	2026-03-27 12:02:47	1	2	1	0
 5974	2026-03-27 12:02:56	1	2	1	0
 7662	2026-03-27 12:03:01	1	2	1	0
 7662	2026-03-27 12:03:04	1	2	1	0
 2649	2026-03-27 12:03:15	1	2	1	0
 3688	2026-03-27 12:03:24	1	3	1	0
 4681	2026-03-27 12:03:51	1	2	1	0
 4681	2026-03-27 12:03:57	1	2	1	0
 9509	2026-03-27 12:04:12	1	2	1	0
 1022	2026-03-27 12:04:30	1	3	1	0
 5974	2026-03-27 12:04:43	1	3	1	0
 2722	2026-03-27 12:04:54	1	3	1	0
 8523	2026-03-27 12:05:11	1	3	1	0
 2312	2026-03-27 12:05:35	1	3	1	0
 2312	2026-03-27 12:05:43	1	3	1	0
 9061	2026-03-27 12:05:50	1	3	1	0
25346	2026-03-27 12:06:00	1	3	1	0
 5024	2026-03-27 12:06:06	1	3	1	0
 9061	2026-03-27 12:06:15	1	3	1	0
 3557	2026-03-27 12:06:31	1	3	1	0
 3557	2026-03-27 12:06:37	1	3	1	0
 7662	2026-03-27 12:06:46	1	3	1	0
 7662	2026-03-27 12:06:48	1	3	1	0
 2649	2026-03-27 12:06:56	1	3	1	0
 8014	2026-03-27 12:07:12	1	3	1	0
 4948	2026-03-27 12:07:37	1	3	1	0
 4948	2026-03-27 12:07:40	1	3	1	0
 1032	2026-03-27 12:09:53	1	2	1	0
 1032	2026-03-27 12:09:55	1	2	1	0
13418	2026-03-27 12:11:32	1	2	1	0
13418	2026-03-27 12:11:38	1	2	1	0
  246	2026-03-27 12:11:45	1	2	1	0
18597	2026-03-27 12:12:13	1	3	1	0
 1928	2026-03-27 12:12:27	1	2	1	0
  246	2026-03-27 12:14:59	1	3	1	0
  246	2026-03-27 12:15:03	1	3	1	0
 1032	2026-03-27 12:15:12	1	3	1	0
 1032	2026-03-27 12:15:14	1	3	1	0
 1032	2026-03-27 12:15:43	1	3	1	0
 1032	2026-03-27 12:15:45	1	3	1	0
 5024	2026-03-27 12:15:55	1	3	1	0
  283	2026-03-27 12:19:49	1	3	1	0
  283	2026-03-27 12:19:57	1	3	1	0
48983	2026-03-27 12:20:30	1	3	1	0
 1928	2026-03-27 12:20:51	1	3	1	0
24215	2026-03-27 12:25:51	1	2	1	0
24215	2026-03-27 12:25:56	1	2	1	0
 9400	2026-03-27 12:27:48	1	3	1	0
24526	2026-03-27 12:34:56	1	3	1	0
 4681	2026-03-27 12:37:45	1	3	1	0
 4681	2026-03-27 12:37:50	1	3	1	0
24215	2026-03-27 12:41:06	1	3	1	0
24215	2026-03-27 12:41:09	1	3	1	0
24215	2026-03-27 12:41:13	1	3	1	0
 4273	2026-03-27 12:42:18	1	3	1	0
 4273	2026-03-27 12:42:20	1	3	1	0
 1790	2026-03-27 12:44:39	1	3	1	0
 9509	2026-03-27 12:46:14	1	3	1	0
13418	2026-03-27 12:52:16	1	3	1	0
13418	2026-03-27 12:52:18	1	3	1	0
13418	2026-03-27 12:52:29	1	3	1	0
 4265	2026-03-27 13:23:03	1	3	1	0
18597	2026-03-27 15:17:19	1	1	1	0
 1634	2026-03-27 15:54:13	1	3	1	0
 4005	2026-03-27 16:13:50	1	3	1	0
  919	2026-03-27 16:38:02	1	3	1	0
 9061	2026-03-27 17:01:04	1	1	1	0
 9061	2026-03-27 17:01:06	1	1	1	0
 1790	2026-03-27 17:01:13	1	1	1	0
 5974	2026-03-27 17:01:21	1	1	1	0
 5024	2026-03-27 17:01:28	1	1	1	0
 3557	2026-03-27 17:01:36	1	1	1	0
 3557	2026-03-27 17:01:42	1	1	1	0
 2722	2026-03-27 17:01:48	1	1	1	0
25346	2026-03-27 17:01:56	1	1	1	0
 2312	2026-03-27 17:02:02	1	1	1	0
 4681	2026-03-27 17:02:10	1	1	1	0
 7662	2026-03-27 17:02:16	1	1	1	0
 7662	2026-03-27 17:02:18	1	1	1	0
 1022	2026-03-27 17:02:24	1	1	1	0
 8523	2026-03-27 17:02:31	1	1	1	0
 7069	2026-03-27 17:02:37	1	1	1	0
 2649	2026-03-27 17:02:44	1	1	1	0
 9509	2026-03-27 17:03:20	1	1	1	0
24215	2026-03-27 17:03:33	1	1	1	0
24215	2026-03-27 17:03:35	1	1	1	0
 8014	2026-03-27 17:04:01	1	1	1	0
 3688	2026-03-27 17:04:09	1	1	1	0
24215	2026-03-27 17:04:37	1	1	1	0
 9400	2026-03-27 17:04:54	1	1	1	0
24215	2026-03-27 17:12:50	1	1	1	0
 1032	2026-03-27 17:16:12	1	1	1	0
 1032	2026-03-27 17:16:14	1	1	1	0
 9640	2026-03-27 17:26:17	1	1	1	0
 9640	2026-03-27 17:26:20	1	1	1	0
24526	2026-03-27 17:32:45	1	1	1	0
13418	2026-03-27 18:16:35	1	1	1	0
13418	2026-03-27 18:16:37	1	1	1	0
 1928	2026-03-27 19:22:37	1	1	1	0
 1928	2026-03-27 19:22:40	1	1	1	0
48983	2026-03-27 21:57:29	1	1	1	0
 4265	2026-03-27 21:57:52	1	1	1	0
 2667	2026-03-27 23:38:50	1	3	1	0
40232	2026-03-27 23:48:36	1	3	1	0
 4005	2026-03-28 00:01:58	1	3	1	0
 1634	2026-03-28 00:02:17	1	2	1	0
  919	2026-03-28 00:05:59	1	2	1	0
  919	2026-03-28 00:06:01	1	2	1	0
34197	2026-03-28 01:01:29	1	2	1	0
34197	2026-03-28 01:01:32	1	2	1	0
18597	2026-03-28 04:36:34	1	0	1	0
24526	2026-03-28 04:57:30	1	0	1	0
 9400	2026-03-28 05:41:24	1	0	1	0
 1022	2026-03-28 05:48:53	1	0	1	0
 9061	2026-03-28 05:52:42	1	0	1	0
 9061	2026-03-28 05:52:45	1	0	1	0
48983	2026-03-28 06:25:31	1	0	1	0
 9640	2026-03-28 06:31:04	1	0	1	0
 9640	2026-03-28 06:31:06	1	0	1	0
 8523	2026-03-28 06:32:40	1	0	1	0
   13	2026-03-28 06:37:04	1	3	1	0
21287	2026-03-28 07:01:39	1	0	1	0
 7662	2026-03-28 07:05:13	1	0	1	0
 7662	2026-03-28 07:05:26	1	0	1	0
 7662	2026-03-28 07:05:29	1	0	1	0
 8014	2026-03-28 07:06:49	1	0	1	0
  110	2026-03-28 07:22:15	1	0	1	0
25346	2026-03-28 07:24:59	1	0	1	0
 1928	2026-03-28 07:31:54	1	0	1	0
 1928	2026-03-28 07:31:56	1	0	1	0
 1790	2026-03-28 07:41:05	1	0	1	0
 2312	2026-03-28 07:44:22	1	0	1	0
 2312	2026-03-28 07:44:30	1	0	1	0
 4681	2026-03-28 07:48:42	1	0	1	0
 5024	2026-03-28 07:48:53	1	0	1	0
 3557	2026-03-28 07:49:25	1	0	1	0
 3557	2026-03-28 07:49:31	1	0	1	0
 1032	2026-03-28 07:56:02	1	0	1	0
 1032	2026-03-28 07:56:05	1	0	1	0
 1032	2026-03-28 07:56:07	1	0	1	0
13418	2026-03-28 08:01:52	1	0	1	0
13418	2026-03-28 08:02:01	1	0	1	0
40232	2026-03-28 08:03:04	1	2	1	0
 2667	2026-03-28 08:05:07	1	2	1	0
 1022	2026-03-28 10:02:40	1	2	1	0
 9400	2026-03-28 10:04:33	1	2	1	0
24526	2026-03-28 10:04:53	1	2	1	0
18597	2026-03-28 12:01:26	1	2	1	0
  110	2026-03-28 12:01:40	1	2	1	0
21287	2026-03-28 12:01:46	1	2	1	0
 5024	2026-03-28 12:01:58	1	2	1	0
 3557	2026-03-28 12:02:08	1	2	1	0
 3557	2026-03-28 12:02:14	1	2	1	0
48983	2026-03-28 12:02:20	1	2	1	0
 8014	2026-03-28 12:02:26	1	2	1	0
 4681	2026-03-28 12:02:36	1	2	1	0
 4681	2026-03-28 12:02:42	1	2	1	0
 8523	2026-03-28 12:02:50	1	2	1	0
 2312	2026-03-28 12:02:59	1	2	1	0
 1032	2026-03-28 12:03:03	1	2	1	0
 1032	2026-03-28 12:03:05	1	2	1	0
 2312	2026-03-28 12:03:10	1	2	1	0
  246	2026-03-28 12:03:16	1	2	1	0
 7662	2026-03-28 12:03:23	1	2	1	0
 7662	2026-03-28 12:03:25	1	2	1	0
 1790	2026-03-28 12:03:31	1	2	1	0
13418	2026-03-28 12:03:40	1	2	1	0
13418	2026-03-28 12:03:43	1	2	1	0
25346	2026-03-28 12:03:52	1	2	1	0
 1928	2026-03-28 12:04:36	1	2	1	0
 1928	2026-03-28 12:04:38	1	2	1	0
 1790	2026-03-28 12:05:09	1	3	1	0
 8523	2026-03-28 12:05:57	1	3	1	0
 3557	2026-03-28 12:06:08	1	2	1	0
  110	2026-03-28 12:06:16	1	3	1	0
 3557	2026-03-28 12:06:31	1	3	1	0
 3557	2026-03-28 12:06:38	1	3	1	0
  246	2026-03-28 12:06:45	1	3	1	0
 1032	2026-03-28 12:06:55	1	3	1	0
 1032	2026-03-28 12:06:57	1	3	1	0
 8014	2026-03-28 12:07:12	1	3	1	0
25346	2026-03-28 12:07:42	1	3	1	0
18597	2026-03-28 12:08:05	1	3	1	0
 2312	2026-03-28 12:08:24	1	3	1	0
 2312	2026-03-28 12:08:34	1	3	1	0
 4681	2026-03-28 12:10:16	1	3	1	0
 4681	2026-03-28 12:10:22	1	3	1	0
 5024	2026-03-28 12:10:53	1	3	1	0
 1928	2026-03-28 12:11:05	1	3	1	0
12961	2026-03-28 12:12:37	1	2	1	0
21287	2026-03-28 12:12:47	1	3	1	0
 7662	2026-03-28 12:12:57	1	3	1	0
 7662	2026-03-28 12:12:59	1	3	1	0
 5329	2026-03-28 12:13:42	1	2	1	0
  283	2026-03-28 12:18:06	1	3	1	0
  283	2026-03-28 12:18:13	1	3	1	0
 5329	2026-03-28 12:18:25	1	3	1	0
 5329	2026-03-28 12:18:29	1	3	1	0
12961	2026-03-28 12:18:44	1	3	1	0
13418	2026-03-28 12:34:14	1	3	1	0
13418	2026-03-28 12:34:20	1	3	1	0
48983	2026-03-28 12:35:09	1	3	1	0
 9400	2026-03-28 12:41:03	1	3	1	0
 4273	2026-03-28 12:41:22	1	2	1	0
 4273	2026-03-28 12:41:24	1	2	1	0
 4273	2026-03-28 12:43:02	1	3	1	0
 4273	2026-03-28 12:43:05	1	3	1	0
24526	2026-03-28 12:51:10	1	3	1	0
 4265	2026-03-28 13:07:08	1	3	1	0
 9061	2026-03-28 14:11:16	1	2	1	0
18597	2026-03-28 15:17:22	1	1	1	0
 4005	2026-03-28 15:39:41	1	3	1	0
 1634	2026-03-28 15:48:39	1	3	1	0
 1032	2026-03-28 17:01:03	1	1	1	0
 1032	2026-03-28 17:01:06	1	1	1	0
 1032	2026-03-28 17:01:08	1	1	1	0
 7662	2026-03-28 17:01:14	1	1	1	0
 7662	2026-03-28 17:01:16	1	1	1	0
 9400	2026-03-28 17:01:22	1	1	1	0
 4681	2026-03-28 17:01:38	1	1	1	0
 8523	2026-03-28 17:02:04	1	1	1	0
 1790	2026-03-28 17:02:09	1	1	1	0
13418	2026-03-28 17:02:17	1	1	1	0
13418	2026-03-28 17:02:20	1	1	1	0
48983	2026-03-28 17:02:38	1	1	1	0
  110	2026-03-28 17:03:37	1	1	1	0
 8014	2026-03-28 17:04:20	1	1	1	0
24526	2026-03-28 17:19:27	1	1	1	0
 9640	2026-03-28 17:47:09	1	1	1	0
 9640	2026-03-28 17:47:12	1	1	1	0
21287	2026-03-28 18:08:17	1	1	1	0
 2312	2026-03-28 18:08:26	1	2	1	0
 2312	2026-03-28 18:08:32	1	2	1	0
 3557	2026-03-28 18:09:47	1	1	1	0
 3557	2026-03-28 18:09:54	1	1	1	0
 3557	2026-03-28 18:10:00	1	1	1	0
 5024	2026-03-28 18:10:07	1	1	1	0
 5024	2026-03-28 18:10:14	1	1	1	0
 1928	2026-03-28 19:13:06	1	1	1	0
 1928	2026-03-28 19:13:09	1	1	1	0
 4265	2026-03-28 21:57:13	1	1	1	0
40232	2026-03-28 23:43:45	1	3	1	0
 2667	2026-03-28 23:49:36	1	3	1	0
 4005	2026-03-29 00:01:05	1	2	1	0
 1634	2026-03-29 00:01:23	1	2	1	0
 1790	2026-03-29 04:32:03	1	0	1	0
