         19709	2026-03-01 20:32:10	1	1	16	0
          7672	2026-03-02 07:02:59	1	0	1	0
         19073	2026-03-02 07:23:52	1	0	1	0
         19073	2026-03-02 07:24:01	1	0	16	0
         19073	2026-03-02 07:24:03	1	0	16	0
         34154	2026-03-02 07:39:58	1	0	1	0
          1962	2026-03-02 07:40:07	1	0	1	0
          4791	2026-03-02 07:52:04	1	0	1	0
          2606	2026-03-02 07:53:30	1	0	1	0
         17018	2026-03-02 07:55:36	1	0	1	0
         35885	2026-03-02 07:55:59	1	0	1	0
         35885	2026-03-02 07:56:01	1	0	1	0
          6092	2026-03-02 12:01:14	1	2	1	0
         30774	2026-03-02 12:01:40	1	2	1	0
          7672	2026-03-02 12:02:12	1	2	1	0
          8715	2026-03-02 12:02:28	1	2	1	0
          8715	2026-03-02 12:02:30	1	2	1	0
         22574	2026-03-02 12:02:42	1	2	16	0
         22574	2026-03-02 12:02:44	1	2	16	0
         41721	2026-03-02 12:03:02	1	2	1	0
          2606	2026-03-02 12:03:08	1	2	1	0
          5926	2026-03-02 12:03:15	1	2	1	0
         34154	2026-03-02 12:03:34	1	2	1	0
         34154	2026-03-02 12:03:38	1	2	1	0
         46645	2026-03-02 12:03:56	1	2	1	0
         46645	2026-03-02 12:04:02	1	2	1	0
          6668	2026-03-02 12:05:02	1	2	1	0
          6668	2026-03-02 12:05:04	1	2	1	0
          1962	2026-03-02 12:05:37	1	2	1	0
          4791	2026-03-02 12:05:45	1	2	1	0
         23327	2026-03-02 12:08:34	1	2	1	0
         17018	2026-03-02 12:32:57	1	2	1	0
          6092	2026-03-02 12:33:09	1	3	1	0
         30774	2026-03-02 12:33:57	1	3	1	0
         41721	2026-03-02 12:34:32	1	3	1	0
          2606	2026-03-02 12:34:46	1	3	1	0
         23327	2026-03-02 12:35:02	1	3	1	0
         46645	2026-03-02 12:35:15	1	3	1	0
         46645	2026-03-02 12:35:21	1	3	1	0
          5926	2026-03-02 12:35:37	1	3	1	0
         19073	2026-03-02 12:38:23	1	3	1	0
         19073	2026-03-02 12:38:42	1	3	16	0
         19073	2026-03-02 12:38:53	1	3	1	0
         19073	2026-03-02 12:39:18	1	2	16	0
         19073	2026-03-02 12:39:19	1	2	1	0
         19073	2026-03-02 12:39:31	1	2	1	0
          1962	2026-03-02 12:40:20	1	3	1	0
          1962	2026-03-02 12:40:22	1	3	1	0
         34154	2026-03-02 12:40:36	1	3	1	0
         34154	2026-03-02 12:40:38	1	3	1	0
         19073	2026-03-02 12:40:49	1	3	1	0
         22574	2026-03-02 12:41:04	1	3	16	0
         22574	2026-03-02 12:41:07	1	3	16	0
         22574	2026-03-02 12:41:09	1	3	16	0
         17018	2026-03-02 12:42:51	1	3	1	0
          8715	2026-03-02 12:43:52	1	3	1	0
          8715	2026-03-02 12:43:54	1	3	1	0
          7672	2026-03-02 12:45:42	1	3	1	0
          4791	2026-03-02 13:07:55	1	3	1	0
          2606	2026-03-02 17:01:49	1	1	1	0
          5926	2026-03-02 17:03:13	1	1	1	0
         30774	2026-03-02 17:05:31	1	1	1	0
         34154	2026-03-02 17:06:55	1	1	1	0
         34154	2026-03-02 17:06:58	1	1	1	0
          4791	2026-03-02 17:08:21	1	1	1	0
          1962	2026-03-02 17:08:49	1	1	1	0
         22574	2026-03-02 17:09:58	1	1	16	0
         19893	2026-03-02 17:10:24	1	1	1	0
          6092	2026-03-02 17:10:44	1	1	1	0
         19073	2026-03-02 17:13:47	1	1	1	0
         23327	2026-03-02 17:14:12	1	1	1	0
          8252	2026-03-02 17:15:40	1	1	1	0
         44686	2026-03-02 17:33:42	1	1	1	0
         35885	2026-03-02 18:30:12	1	1	1	0
         35885	2026-03-02 18:30:14	1	1	1	0
         17018	2026-03-02 18:36:15	1	1	1	0
         17018	2026-03-02 18:36:17	1	1	1	0
         19073	2026-03-03 06:55:01	1	0	1	0
         19073	2026-03-03 06:55:09	1	0	16	0
          7672	2026-03-03 07:07:42	1	0	1	0
         19893	2026-03-03 07:32:06	1	0	1	0
         34154	2026-03-03 07:34:31	1	0	1	0
         34154	2026-03-03 07:34:33	1	0	1	0
          7490	2026-03-03 07:43:33	1	0	1	0
          7490	2026-03-03 07:43:35	1	0	1	0
          1962	2026-03-03 07:43:38	1	0	1	0
          1962	2026-03-03 07:43:40	1	0	1	0
         22574	2026-03-03 07:49:05	1	0	16	0
          5926	2026-03-03 07:49:14	1	0	1	0
          9271	2026-03-03 07:50:13	1	0	1	0
          2606	2026-03-03 07:52:50	1	0	1	0
          6092	2026-03-03 07:53:32	1	0	1	0
         17018	2026-03-03 07:56:34	1	0	1	0
          4791	2026-03-03 08:04:51	1	0	1	0
         44686	2026-03-03 08:26:45	1	0	1	0
          7490	2026-03-03 12:01:42	1	2	1	0
          7490	2026-03-03 12:01:46	1	2	1	0
          2030	2026-03-03 12:01:55	1	2	1	0
          9271	2026-03-03 12:02:01	1	2	1	0
          8715	2026-03-03 12:02:07	1	2	1	0
          8715	2026-03-03 12:02:08	1	2	1	0
         23327	2026-03-03 12:02:26	1	2	1	0
          2606	2026-03-03 12:03:04	1	2	1	0
         34154	2026-03-03 12:03:26	1	2	1	0
         41721	2026-03-03 12:04:21	1	2	1	0
         30774	2026-03-03 12:06:48	1	2	16	0
         30774	2026-03-03 12:06:50	1	2	16	0
         19073	2026-03-03 12:10:37	1	2	1	0
         19073	2026-03-03 12:10:50	1	2	16	0
         19073	2026-03-03 12:10:52	1	2	16	0
          7672	2026-03-03 12:11:49	1	2	1	0
         44686	2026-03-03 12:20:36	1	2	1	0
          1962	2026-03-03 12:21:46	1	2	1	0
         22574	2026-03-03 12:21:56	1	2	16	0
         22574	2026-03-03 12:21:58	1	2	16	0
          5926	2026-03-03 12:22:13	1	2	1	0
          6092	2026-03-03 12:22:22	1	2	1	0
          8252	2026-03-03 12:24:31	1	2	1	0
         17018	2026-03-03 12:25:38	1	2	1	0
         44686	2026-03-03 12:26:04	1	3	1	0
         19073	2026-03-03 12:34:16	1	3	1	0
         19073	2026-03-03 12:34:24	1	3	16	0
         41721	2026-03-03 12:34:30	1	3	1	0
         41721	2026-03-03 12:34:45	1	3	1	0
          7672	2026-03-03 12:39:43	1	3	1	0
          2606	2026-03-03 12:40:08	1	3	1	0
          2606	2026-03-03 12:40:18	1	3	1	0
         23327	2026-03-03 12:40:28	1	3	1	0
          5926	2026-03-03 12:41:26	1	3	1	0
          1962	2026-03-03 12:41:32	1	3	1	0
          1962	2026-03-03 12:41:37	1	3	1	0
          6092	2026-03-03 12:45:48	1	3	1	0
          6092	2026-03-03 12:45:53	1	3	1	0
          7490	2026-03-03 12:48:27	1	3	1	0
          7490	2026-03-03 12:48:28	1	3	1	0
         30774	2026-03-03 12:49:56	1	3	16	0
         34154	2026-03-03 12:50:07	1	3	1	0
         22574	2026-03-03 12:50:24	1	3	16	0
         22574	2026-03-03 12:50:26	1	3	16	0
          8252	2026-03-03 12:50:35	1	3	1	0
         17018	2026-03-03 12:52:22	1	3	1	0
          1962	2026-03-03 12:55:06	1	2	1	0
          7490	2026-03-03 17:01:08	1	1	1	0
          7490	2026-03-03 17:01:09	1	1	1	0
          2606	2026-03-03 17:01:30	1	1	1	0
          6092	2026-03-03 17:01:45	1	1	1	0
          9271	2026-03-03 17:02:11	1	1	1	0
          1962	2026-03-03 17:02:36	1	1	1	0
          1962	2026-03-03 17:02:44	1	1	1	0
          5926	2026-03-03 17:03:01	1	1	1	0
         30774	2026-03-03 17:04:57	1	1	16	0
         46645	2026-03-03 17:05:23	1	1	1	0
         46645	2026-03-03 17:05:29	1	1	1	0
         34154	2026-03-03 17:06:15	1	1	1	0
         22574	2026-03-03 17:09:18	1	1	16	0
          8252	2026-03-03 17:10:09	1	1	1	0
         23327	2026-03-03 17:18:26	1	1	1	0
         19073	2026-03-03 17:34:12	1	1	1	0
         44686	2026-03-03 17:34:30	1	1	1	0
         17018	2026-03-03 19:32:39	1	1	1	0
         19073	2026-03-04 06:10:32	1	0	1	0
          7672	2026-03-04 06:59:14	1	0	1	0
          7490	2026-03-04 07:24:32	1	0	1	0
          7490	2026-03-04 07:24:33	1	0	1	0
         34154	2026-03-04 07:40:14	1	0	1	0
         34154	2026-03-04 07:40:16	1	0	1	0
         30774	2026-03-04 07:41:49	1	0	16	0
         19893	2026-03-04 07:42:35	1	0	1	0
          9271	2026-03-04 07:47:17	1	0	1	0
          5926	2026-03-04 07:48:37	1	0	1	0
          4791	2026-03-04 07:49:10	1	0	1	0
          2606	2026-03-04 07:54:50	1	0	1	0
          1962	2026-03-04 07:56:05	1	0	1	0
          6092	2026-03-04 07:58:41	1	0	1	0
         44686	2026-03-04 08:00:16	1	0	1	0
         23327	2026-03-04 12:01:14	1	2	1	0
          8715	2026-03-04 12:02:11	1	2	1	0
          8715	2026-03-04 12:02:13	1	2	1	0
         19893	2026-03-04 12:02:32	1	2	1	0
         34154	2026-03-04 12:03:24	1	2	1	0
         34154	2026-03-04 12:03:26	1	2	1	0
         22574	2026-03-04 12:03:46	1	2	16	0
          5926	2026-03-04 12:04:22	1	2	1	0
          2606	2026-03-04 12:04:31	1	2	1	0
          1962	2026-03-04 12:04:39	1	2	1	0
          1962	2026-03-04 12:04:44	1	2	1	0
         17018	2026-03-04 12:05:10	1	2	1	0
          6092	2026-03-04 12:05:17	1	2	1	0
          4791	2026-03-04 12:05:26	1	2	1	0
         30774	2026-03-04 12:05:37	1	2	16	0
         30774	2026-03-04 12:05:42	1	2	16	0
         46645	2026-03-04 12:06:00	1	2	1	0
         46645	2026-03-04 12:06:06	1	2	1	0
         41721	2026-03-04 12:07:32	1	2	1	0
         41721	2026-03-04 12:07:40	1	2	1	0
          7672	2026-03-04 12:09:34	1	2	1	0
         19073	2026-03-04 12:10:24	1	2	1	0
         19073	2026-03-04 12:10:51	1	2	16	0
          8252	2026-03-04 12:19:13	1	2	1	0
          5926	2026-03-04 12:31:21	1	3	1	0
         19073	2026-03-04 12:31:51	1	3	1	0
         19073	2026-03-04 12:31:59	1	3	16	0
         23327	2026-03-04 12:32:11	1	3	1	0
         41721	2026-03-04 12:32:21	1	3	1	0
          2606	2026-03-04 12:33:04	1	3	1	0
          2606	2026-03-04 12:33:08	1	3	1	0
         17018	2026-03-04 12:33:24	1	3	1	0
          7672	2026-03-04 12:33:37	1	3	1	0
          6092	2026-03-04 12:38:03	1	3	1	0
         22574	2026-03-04 12:38:26	1	3	16	0
         22574	2026-03-04 12:38:28	1	3	16	0
         30774	2026-03-04 12:38:46	1	3	16	0
         34154	2026-03-04 12:39:22	1	3	1	0
         34154	2026-03-04 12:39:24	1	3	1	0
          1962	2026-03-04 12:43:25	1	3	1	0
          1962	2026-03-04 12:43:28	1	3	1	0
          4791	2026-03-04 12:46:58	1	3	1	0
          8252	2026-03-04 12:47:27	1	3	1	0
         23327	2026-03-04 17:01:51	1	1	1	0
         23327	2026-03-04 17:01:55	1	1	1	0
          9271	2026-03-04 17:02:02	1	1	1	0
          2606	2026-03-04 17:02:08	1	1	1	0
          5926	2026-03-04 17:02:30	1	1	1	0
         46645	2026-03-04 17:03:08	1	1	1	0
         46645	2026-03-04 17:03:22	1	1	1	0
         34154	2026-03-04 17:03:29	1	1	1	0
         30774	2026-03-04 17:04:01	1	1	1	0
         22574	2026-03-04 17:04:22	1	1	1	0
          6092	2026-03-04 17:04:32	1	1	1	0
          4791	2026-03-04 17:04:42	1	1	1	0
          1962	2026-03-04 17:04:52	1	1	1	0
          1962	2026-03-04 17:05:42	1	1	1	0
         19073	2026-03-04 17:06:53	1	1	1	0
         19073	2026-03-04 17:06:57	1	1	1	0
          8252	2026-03-04 17:07:35	1	1	1	0
         44686	2026-03-04 17:09:59	1	1	1	0
         17018	2026-03-04 18:21:33	1	1	1	0
         19073	2026-03-05 07:10:03	1	0	1	0
         19073	2026-03-05 07:10:21	1	0	16	0
         34154	2026-03-05 07:25:52	1	0	1	0
          1962	2026-03-05 07:26:06	1	0	1	0
          1962	2026-03-05 07:26:07	1	0	1	0
          8252	2026-03-05 07:36:42	1	0	1	0
          8252	2026-03-05 07:36:47	1	0	1	0
         22574	2026-03-05 07:37:23	1	0	16	0
          4791	2026-03-05 07:40:46	1	0	1	0
         30774	2026-03-05 07:41:44	1	0	16	0
         30774	2026-03-05 07:41:46	1	0	16	0
          7490	2026-03-05 07:44:00	1	0	1	0
          7490	2026-03-05 07:44:02	1	0	1	0
          9271	2026-03-05 07:45:26	1	0	1	0
         46645	2026-03-05 07:51:49	1	0	1	0
          5926	2026-03-05 07:52:02	1	0	1	0
          2606	2026-03-05 07:54:58	1	0	1	0
         44686	2026-03-05 07:57:18	1	0	1	0
          6092	2026-03-05 07:59:20	1	0	1	0
         17018	2026-03-05 08:03:18	1	0	1	0
          7490	2026-03-05 12:01:08	1	2	1	0
          7490	2026-03-05 12:01:10	1	2	1	0
          8715	2026-03-05 12:01:47	1	2	1	0
          8715	2026-03-05 12:01:48	1	2	1	0
         41721	2026-03-05 12:01:56	1	2	1	0
          2606	2026-03-05 12:02:14	1	2	1	0
          5926	2026-03-05 12:02:37	1	2	1	0
         30774	2026-03-05 12:02:47	1	2	16	0
         34154	2026-03-05 12:03:15	1	2	1	0
         34154	2026-03-05 12:03:17	1	2	1	0
         19893	2026-03-05 12:03:42	1	2	1	0
          9271	2026-03-05 12:06:14	1	2	1	0
         22574	2026-03-05 12:06:55	1	2	16	0
         22574	2026-03-05 12:06:57	1	2	16	0
          6092	2026-03-05 12:07:09	1	2	1	0
          1962	2026-03-05 12:07:47	1	2	1	0
          4791	2026-03-05 12:08:38	1	2	1	0
         19073	2026-03-05 12:10:57	1	2	1	0
         19073	2026-03-05 12:11:08	1	2	16	0
         17018	2026-03-05 12:11:21	1	2	1	0
          8252	2026-03-05 12:13:43	1	2	1	0
         23327	2026-03-05 12:17:31	1	2	1	0
         19073	2026-03-05 12:30:57	1	2	1	0
         19073	2026-03-05 12:31:06	1	3	16	0
          1962	2026-03-05 12:31:58	1	3	1	0
         46645	2026-03-05 12:32:15	1	2	1	0
         46645	2026-03-05 12:32:27	1	2	1	0
          9271	2026-03-05 12:32:33	1	2	1	0
         34154	2026-03-05 12:32:43	1	3	1	0
         34154	2026-03-05 12:32:45	1	3	1	0
         23327	2026-03-05 12:33:07	1	3	1	0
         41721	2026-03-05 12:33:21	1	3	1	0
         41721	2026-03-05 12:33:25	1	3	1	0
          2606	2026-03-05 12:34:59	1	3	1	0
         30774	2026-03-05 12:36:10	1	3	1	0
          6092	2026-03-05 12:36:57	1	3	1	0
          4791	2026-03-05 12:42:26	1	3	1	0
         46645	2026-03-05 12:42:44	1	3	1	0
         46645	2026-03-05 12:42:51	1	3	1	0
          8252	2026-03-05 12:42:59	1	3	1	0
          7490	2026-03-05 12:47:22	1	3	1	0
          7490	2026-03-05 12:47:23	1	3	1	0
         22574	2026-03-05 12:48:44	1	3	16	0
         22574	2026-03-05 12:48:46	1	3	16	0
          5926	2026-03-05 12:51:37	1	3	1	0
         17018	2026-03-05 12:57:29	1	3	1	0
          7490	2026-03-05 17:01:20	1	1	1	0
          7490	2026-03-05 17:01:22	1	1	1	0
          2606	2026-03-05 17:01:40	1	1	1	0
          8715	2026-03-05 17:03:34	1	1	1	0
          8715	2026-03-05 17:03:35	1	1	1	0
         19893	2026-03-05 17:05:31	1	1	1	0
         23327	2026-03-05 17:07:07	1	1	1	0
         34154	2026-03-05 17:07:33	1	1	1	0
         46645	2026-03-05 17:07:46	1	1	1	0
         46645	2026-03-05 17:07:52	1	1	1	0
         30774	2026-03-05 17:09:57	1	1	16	0
          6092	2026-03-05 17:10:08	1	1	1	0
          8252	2026-03-05 17:11:55	1	1	1	0
         17018	2026-03-05 17:12:07	1	1	1	0
         22574	2026-03-05 17:18:51	1	1	1	0
         22574	2026-03-05 17:18:54	1	1	1	0
         19073	2026-03-05 17:24:06	1	1	1	0
         44686	2026-03-05 17:56:44	1	1	1	0
          9271	2026-03-05 18:04:48	1	1	1	0
          5926	2026-03-05 18:05:40	1	1	1	0
          4791	2026-03-05 18:05:48	1	1	1	0
          7672	2026-03-06 07:01:53	1	0	1	0
         19073	2026-03-06 07:05:38	1	0	1	0
         19073	2026-03-06 07:05:48	1	0	16	0
         34154	2026-03-06 07:33:54	1	0	1	0
         34154	2026-03-06 07:33:56	1	0	1	0
         30774	2026-03-06 07:35:48	1	0	16	0
          5926	2026-03-06 07:45:16	1	0	1	0
         44686	2026-03-06 07:47:37	1	0	1	0
          1962	2026-03-06 07:49:25	1	0	1	0
          1962	2026-03-06 07:49:27	1	0	1	0
          2606	2026-03-06 07:54:18	1	0	1	0
          6092	2026-03-06 07:55:33	1	0	1	0
         17018	2026-03-06 07:57:49	1	0	1	0
          9271	2026-03-06 07:59:46	1	0	1	0
          7490	2026-03-06 12:01:31	1	2	1	0
          7490	2026-03-06 12:01:33	1	2	1	0
          5926	2026-03-06 12:01:41	1	2	1	0
          8715	2026-03-06 12:01:52	1	2	1	0
          8715	2026-03-06 12:01:54	1	2	1	0
          7672	2026-03-06 12:03:13	1	2	1	0
         30774	2026-03-06 12:03:20	1	2	16	0
         23327	2026-03-06 12:03:26	1	2	1	0
          1962	2026-03-06 12:03:34	1	2	1	0
         19893	2026-03-06 12:03:40	1	2	1	0
         34154	2026-03-06 12:03:47	1	2	1	0
          9271	2026-03-06 12:03:52	1	2	1	0
         22574	2026-03-06 12:04:14	1	2	1	0
          2606	2026-03-06 12:04:22	1	2	1	0
          9271	2026-03-06 12:05:05	1	3	1	0
          7672	2026-03-06 12:05:14	1	3	1	0
          2030	2026-03-06 12:05:40	1	2	1	0
         19073	2026-03-06 12:07:35	1	2	1	0
         41721	2026-03-06 12:07:54	1	2	1	0
          6092	2026-03-06 12:09:51	1	2	1	0
          8252	2026-03-06 12:13:57	1	2	1	0
         46645	2026-03-06 12:25:05	1	2	1	0
         46645	2026-03-06 12:25:11	1	2	1	0
         17018	2026-03-06 12:29:49	1	2	1	0
         22574	2026-03-06 12:32:54	1	3	1	0
          6092	2026-03-06 12:33:00	1	3	1	0
          1962	2026-03-06 12:33:38	1	3	1	0
          2606	2026-03-06 12:33:55	1	3	1	0
         46645	2026-03-06 12:34:09	1	3	1	0
         46645	2026-03-06 12:34:15	1	3	1	0
         19073	2026-03-06 12:35:13	1	3	1	0
          5926	2026-03-06 12:35:31	1	3	1	0
         44686	2026-03-06 12:35:43	1	2	1	0
         17018	2026-03-06 12:36:26	1	3	1	0
         34154	2026-03-06 12:39:16	1	3	16	0
         34154	2026-03-06 12:39:41	1	3	16	0
         41721	2026-03-06 12:40:21	1	3	1	0
         30774	2026-03-06 12:44:16	1	3	16	0
          8252	2026-03-06 12:44:37	1	3	1	0
         44686	2026-03-06 12:44:42	1	3	1	0
          7490	2026-03-06 12:47:18	1	3	1	0
          7490	2026-03-06 12:47:19	1	3	1	0
          8715	2026-03-06 12:53:14	1	3	1	0
          8715	2026-03-06 12:53:16	1	3	1	0
          7490	2026-03-06 17:01:42	1	1	1	0
          7490	2026-03-06 17:01:43	1	1	1	0
          2606	2026-03-06 17:02:01	1	1	1	0
          8715	2026-03-06 17:06:37	1	1	1	0
          8715	2026-03-06 17:06:39	1	1	1	0
         30774	2026-03-06 17:07:19	1	1	16	0
         30774	2026-03-06 17:07:21	1	1	16	0
         19893	2026-03-06 17:08:46	1	1	1	0
          9271	2026-03-06 17:09:09	1	1	1	0
         34154	2026-03-06 17:11:19	1	1	16	0
         34154	2026-03-06 17:11:22	1	1	16	0
          8252	2026-03-06 17:17:45	1	1	1	0
         19073	2026-03-06 17:30:13	1	1	1	0
          6092	2026-03-06 18:26:43	1	1	1	0
         17018	2026-03-06 19:05:31	1	1	1	0
          5926	2026-03-06 21:14:10	1	1	1	0
          1962	2026-03-06 21:15:03	1	1	1	0
          1962	2026-03-06 21:15:11	1	1	1	0
         22574	2026-03-06 21:15:17	1	1	1	0
         22574	2026-03-06 21:15:31	1	1	1	0
          7672	2026-03-07 07:07:05	1	0	1	0
         19073	2026-03-07 07:09:19	1	0	1	0
         19073	2026-03-07 07:09:47	1	0	16	0
          5926	2026-03-07 07:44:36	1	0	1	0
         23327	2026-03-07 12:07:34	1	2	1	0
         23327	2026-03-07 12:31:07	1	3	1	0
         23327	2026-03-07 17:04:12	1	1	1	0
         19073	2026-03-07 17:06:08	1	1	1	0
         19073	2026-03-07 17:06:18	1	1	16	0
          7490	2026-03-09 06:47:16	1	0	1	0
          7490	2026-03-09 06:47:18	1	0	1	0
         34154	2026-03-09 06:48:33	1	0	1	0
          5926	2026-03-09 06:49:10	1	0	1	0
          2606	2026-03-09 06:49:57	1	0	1	0
          6092	2026-03-09 06:53:19	1	0	1	0
          4791	2026-03-09 06:57:10	1	0	1	0
          9271	2026-03-09 07:20:09	1	0	1	0
         19073	2026-03-09 07:34:39	1	0	1	0
         46645	2026-03-09 07:47:19	1	0	1	0
         46645	2026-03-09 07:47:32	1	0	1	0
          7490	2026-03-09 12:01:16	1	2	1	0
          7490	2026-03-09 12:01:17	1	2	1	0
          2606	2026-03-09 12:03:12	1	2	1	0
         23327	2026-03-09 12:03:50	1	2	1	0
         41721	2026-03-09 12:12:53	1	2	1	0
          6092	2026-03-09 12:13:01	1	2	1	0
         34154	2026-03-09 12:13:07	1	2	1	0
          9271	2026-03-09 12:13:16	1	2	1	0
          1962	2026-03-09 12:13:23	1	2	1	0
         19893	2026-03-09 12:13:33	1	2	1	0
          4791	2026-03-09 12:13:57	1	2	1	0
         17018	2026-03-09 12:14:05	1	2	1	0
         30774	2026-03-09 12:14:20	1	2	1	0
          5926	2026-03-09 12:14:28	1	2	1	0
         46645	2026-03-09 12:14:39	1	2	1	0
         46645	2026-03-09 12:14:45	1	2	1	0
         22574	2026-03-09 12:14:59	1	2	16	0
          7672	2026-03-09 12:15:13	1	2	1	0
         19073	2026-03-09 12:16:50	1	2	1	0
         44686	2026-03-09 12:23:54	1	2	1	0
          8252	2026-03-09 12:30:32	1	2	1	0
         23327	2026-03-09 12:32:25	1	3	1	0
          2606	2026-03-09 12:35:12	1	3	1	0
          2606	2026-03-09 12:35:25	1	3	1	0
         41721	2026-03-09 12:35:44	1	3	1	0
          5926	2026-03-09 12:36:27	1	3	1	0
         19073	2026-03-09 12:36:50	1	3	1	0
         19073	2026-03-09 12:36:56	1	3	16	0
         19073	2026-03-09 12:36:58	1	3	16	0
          7672	2026-03-09 12:37:41	1	3	1	0
          6092	2026-03-09 12:41:16	1	3	1	0
         46645	2026-03-09 12:41:50	1	3	1	0
         46645	2026-03-09 12:41:56	1	3	1	0
          1962	2026-03-09 12:42:05	1	3	1	0
          9271	2026-03-09 12:42:15	1	3	1	0
         44686	2026-03-09 12:42:24	1	3	1	0
         34154	2026-03-09 12:42:30	1	3	1	0
         30774	2026-03-09 12:42:36	1	3	1	0
          4791	2026-03-09 12:43:36	1	3	1	0
         22574	2026-03-09 12:44:00	1	3	16	0
         22574	2026-03-09 12:44:05	1	3	16	0
         22574	2026-03-09 12:44:07	1	3	16	0
          5926	2026-03-09 12:44:09	1	3	1	0
         19893	2026-03-09 12:44:25	1	3	1	0
          7490	2026-03-09 12:49:23	1	3	1	0
          7490	2026-03-09 12:49:25	1	3	1	0
          8252	2026-03-09 13:00:21	1	3	1	0
          7490	2026-03-09 18:01:04	1	1	1	0
          7490	2026-03-09 18:01:06	1	1	1	0
          2606	2026-03-09 18:01:12	1	1	1	0
          1962	2026-03-09 18:03:56	1	1	1	0
         46645	2026-03-09 18:04:03	1	1	1	0
         46645	2026-03-09 18:04:09	1	1	1	0
          9271	2026-03-09 18:04:21	1	1	1	0
         22574	2026-03-09 18:04:27	1	1	1	0
          4791	2026-03-09 18:04:33	1	1	1	0
         30774	2026-03-09 18:04:40	1	1	1	0
         34154	2026-03-09 18:05:08	1	1	1	0
          6092	2026-03-09 18:06:01	1	1	1	0
          8252	2026-03-09 18:06:10	1	1	1	0
          5926	2026-03-09 18:06:25	1	1	1	0
         44686	2026-03-09 18:07:09	1	1	1	0
         19073	2026-03-09 18:17:47	1	1	1	0
         34154	2026-03-10 06:41:31	1	0	1	0
         34154	2026-03-10 06:41:33	1	0	1	0
          5926	2026-03-10 06:44:15	1	0	1	0
          1962	2026-03-10 06:46:29	1	0	1	0
          4791	2026-03-10 06:48:25	1	0	1	0
         19073	2026-03-10 06:48:45	1	0	1	0
         19073	2026-03-10 06:49:09	1	0	16	0
          7490	2026-03-10 06:49:24	1	0	1	0
          7490	2026-03-10 06:49:25	1	0	1	0
          2606	2026-03-10 06:56:37	1	0	1	0
          6092	2026-03-10 07:00:46	1	0	1	0
          9271	2026-03-10 07:03:02	1	0	1	0
          7672	2026-03-10 07:03:08	1	0	1	0
         17018	2026-03-10 07:03:54	1	0	1	0
         44686	2026-03-10 07:04:49	1	0	1	0
         19893	2026-03-10 07:07:24	1	0	1	0
          7490	2026-03-10 12:01:31	1	2	1	0
          7490	2026-03-10 12:01:33	1	2	1	0
         41721	2026-03-10 12:01:55	1	2	1	0
          2606	2026-03-10 12:02:09	1	2	1	0
         23327	2026-03-10 12:02:41	1	2	1	0
          8715	2026-03-10 12:02:50	1	2	1	0
          8715	2026-03-10 12:02:51	1	2	1	0
          9271	2026-03-10 12:02:57	1	2	1	0
          1962	2026-03-10 12:03:43	1	2	1	0
         34154	2026-03-10 12:03:54	1	2	1	0
         34154	2026-03-10 12:03:55	1	2	1	0
          7672	2026-03-10 12:04:29	1	2	1	0
         30774	2026-03-10 12:04:48	1	2	16	0
         22574	2026-03-10 12:05:11	1	2	16	0
         22574	2026-03-10 12:05:16	1	2	16	0
          6092	2026-03-10 12:09:40	1	2	1	0
          5926	2026-03-10 12:10:01	1	2	1	0
         17018	2026-03-10 12:10:49	1	2	1	0
         19073	2026-03-10 12:16:15	1	2	1	0
         46645	2026-03-10 12:24:16	1	2	1	0
         46645	2026-03-10 12:24:23	1	2	1	0
          5926	2026-03-10 12:31:06	1	3	1	0
         41721	2026-03-10 12:31:18	1	3	1	0
          9271	2026-03-10 12:34:02	1	3	1	0
         41721	2026-03-10 12:34:13	1	3	1	0
          7672	2026-03-10 12:34:49	1	3	1	0
         23327	2026-03-10 12:35:31	1	3	1	0
          2606	2026-03-10 12:35:41	1	3	1	0
         30774	2026-03-10 12:36:35	1	3	16	0
          6092	2026-03-10 12:36:43	1	3	1	0
         34154	2026-03-10 12:36:52	1	3	1	0
         34154	2026-03-10 12:36:54	1	3	1	0
          8252	2026-03-10 12:37:17	1	2	1	0
         46645	2026-03-10 12:37:27	1	3	1	0
         46645	2026-03-10 12:37:34	1	3	1	0
          1962	2026-03-10 12:37:48	1	3	1	0
          1962	2026-03-10 12:37:58	1	3	1	0
         19073	2026-03-10 12:38:06	1	3	1	0
         19073	2026-03-10 12:38:19	1	3	1	0
         22574	2026-03-10 12:38:41	1	3	16	0
         17018	2026-03-10 12:39:53	1	3	1	0
          7490	2026-03-10 12:44:57	1	3	1	0
          7490	2026-03-10 12:44:58	1	3	1	0
          8715	2026-03-10 12:50:38	1	3	1	0
          8715	2026-03-10 12:50:40	1	3	1	0
          8252	2026-03-10 12:50:52	1	3	1	0
          7490	2026-03-10 18:01:08	1	1	1	0
          7490	2026-03-10 18:01:10	1	1	1	0
          2606	2026-03-10 18:01:17	1	1	1	0
          8715	2026-03-10 18:01:38	1	1	1	0
          8715	2026-03-10 18:01:39	1	1	1	0
         46645	2026-03-10 18:02:11	1	1	1	0
         46645	2026-03-10 18:02:18	1	1	1	0
         34154	2026-03-10 18:02:59	1	1	1	0
         17018	2026-03-10 18:03:08	1	1	1	0
          5926	2026-03-10 18:03:31	1	1	1	0
         30774	2026-03-10 18:03:39	1	1	1	0
         44686	2026-03-10 18:03:59	1	1	1	0
          4791	2026-03-10 18:05:01	1	1	1	0
          9271	2026-03-10 18:05:11	1	1	1	0
          1962	2026-03-10 18:05:16	1	1	1	0
         22574	2026-03-10 18:05:23	1	1	1	0
          8252	2026-03-10 18:05:46	1	1	1	0
          6092	2026-03-10 18:06:20	1	1	1	0
         22574	2026-03-10 18:06:34	1	1	1	0
         19073	2026-03-10 18:11:56	1	1	1	0
         19073	2026-03-10 18:12:37	1	1	1	0
          7672	2026-03-10 18:15:13	1	1	1	0
         19073	2026-03-11 05:43:42	1	0	1	0
          7672	2026-03-11 05:44:16	1	0	1	0
         46645	2026-03-11 06:31:28	1	0	1	0
         46645	2026-03-11 06:31:48	1	0	1	0
          1962	2026-03-11 06:34:54	1	0	1	0
          1962	2026-03-11 06:34:56	1	0	1	0
         34154	2026-03-11 06:36:54	1	0	1	0
         34154	2026-03-11 06:37:01	1	0	1	0
         22574	2026-03-11 06:38:33	1	0	1	0
         22574	2026-03-11 06:38:36	1	0	1	0
          5926	2026-03-11 06:40:03	1	0	1	0
         35885	2026-03-11 06:43:38	1	0	1	0
         35885	2026-03-11 06:43:43	1	0	1	0
          7490	2026-03-11 06:48:44	1	0	1	0
          7490	2026-03-11 06:48:46	1	0	1	0
         44686	2026-03-11 06:49:33	1	0	1	0
          4791	2026-03-11 06:49:52	1	0	1	0
          2606	2026-03-11 06:53:46	1	0	1	0
          2606	2026-03-11 06:53:49	1	0	1	0
          9271	2026-03-11 06:55:18	1	0	1	0
         19893	2026-03-11 07:00:02	1	0	1	0
          6092	2026-03-11 07:01:06	1	0	1	0
          6092	2026-03-11 07:01:13	1	0	1	0
         17018	2026-03-11 07:05:13	1	0	1	0
          7672	2026-03-11 12:01:26	1	2	1	0
          7490	2026-03-11 12:01:34	1	2	1	0
          7490	2026-03-11 12:01:36	1	2	1	0
          8715	2026-03-11 12:01:45	1	2	1	0
          8715	2026-03-11 12:01:47	1	2	1	0
         41721	2026-03-11 12:02:02	1	2	1	0
          2606	2026-03-11 12:02:17	1	2	1	0
         34154	2026-03-11 12:02:42	1	2	1	0
         34154	2026-03-11 12:02:44	1	2	1	0
         19073	2026-03-11 12:06:33	1	2	1	0
         23327	2026-03-11 12:07:00	1	2	1	0
         34154	2026-03-11 12:33:49	1	3	1	0
         34154	2026-03-11 12:33:56	1	3	1	0
         41721	2026-03-11 12:41:57	1	3	1	0
          7672	2026-03-11 12:42:30	1	3	1	0
         19073	2026-03-11 12:43:49	1	3	1	0
          2606	2026-03-11 12:44:06	1	3	1	0
         23327	2026-03-11 12:45:05	1	3	1	0
         23327	2026-03-11 12:45:09	1	3	1	0
          7490	2026-03-11 12:48:04	1	3	1	0
          7490	2026-03-11 12:48:05	1	3	1	0
          7490	2026-03-11 18:01:02	1	1	1	0
          7490	2026-03-11 18:01:03	1	1	1	0
          2606	2026-03-11 18:01:11	1	1	1	0
          2606	2026-03-11 18:01:16	1	1	1	0
         46645	2026-03-11 18:01:29	1	1	1	0
         46645	2026-03-11 18:01:35	1	1	1	0
          8715	2026-03-11 18:01:52	1	1	1	0
          8715	2026-03-11 18:01:54	1	1	1	0
          5926	2026-03-11 18:02:10	1	1	1	0
          8252	2026-03-11 18:02:24	1	1	1	0
          9271	2026-03-11 18:02:34	1	1	1	0
          6092	2026-03-11 18:02:41	1	1	1	0
         19073	2026-03-11 18:03:27	1	1	1	0
         34154	2026-03-11 18:04:06	1	1	1	0
         34154	2026-03-11 18:04:09	1	1	1	0
          4791	2026-03-11 18:04:34	1	1	1	0
         30774	2026-03-11 18:09:25	1	1	1	0
         22574	2026-03-11 18:09:47	1	1	1	0
         17018	2026-03-11 18:13:51	1	1	1	0
          1962	2026-03-11 18:13:59	1	1	1	0
          1962	2026-03-11 18:14:01	1	1	1	0
         19073	2026-03-12 05:49:15	1	0	1	0
         30774	2026-03-12 06:41:38	1	0	16	0
          1962	2026-03-12 06:42:39	1	0	1	0
          5926	2026-03-12 06:46:14	1	0	1	0
         34154	2026-03-12 06:47:07	1	0	1	0
         34154	2026-03-12 06:47:17	1	0	1	0
          2606	2026-03-12 06:50:47	1	0	1	0
          4791	2026-03-12 06:53:10	1	0	1	0
         44686	2026-03-12 06:54:02	1	0	1	0
          7490	2026-03-12 06:55:16	1	0	1	0
          7490	2026-03-12 06:55:17	1	0	1	0
          6092	2026-03-12 06:58:35	1	0	1	0
         17018	2026-03-12 07:00:34	1	0	1	0
          9271	2026-03-12 07:05:53	1	0	1	0
         19893	2026-03-12 07:14:32	1	0	1	0
          7490	2026-03-12 12:01:10	1	2	16	0
          7490	2026-03-12 12:01:12	1	2	1	0
          2606	2026-03-12 12:01:31	1	2	1	0
          9271	2026-03-12 12:02:35	1	2	1	0
          7672	2026-03-12 12:02:48	1	2	1	0
          8715	2026-03-12 12:02:54	1	2	1	0
          8715	2026-03-12 12:02:55	1	2	1	0
         46645	2026-03-12 12:04:39	1	2	1	0
         46645	2026-03-12 12:04:46	1	2	1	0
         30774	2026-03-12 12:07:20	1	2	1	0
         17018	2026-03-12 12:07:26	1	2	1	0
          5926	2026-03-12 12:07:40	1	2	1	0
         34154	2026-03-12 12:08:11	1	2	1	0
          7490	2026-03-12 12:10:03	1	3	1	0
          7490	2026-03-12 12:10:05	1	3	1	0
          8252	2026-03-12 12:10:26	1	2	1	0
         22574	2026-03-12 12:10:46	1	2	16	0
         22574	2026-03-12 12:10:54	1	2	16	0
          1962	2026-03-12 12:11:45	1	2	1	0
          6092	2026-03-12 12:12:41	1	2	1	0
         19073	2026-03-12 12:18:47	1	2	16	0
         19073	2026-03-12 12:18:52	1	2	1	0
         19073	2026-03-12 12:18:54	1	2	16	0
         19073	2026-03-12 12:18:56	1	2	16	0
         19073	2026-03-12 12:18:58	1	2	16	0
         41721	2026-03-12 12:19:43	1	2	1	0
         41721	2026-03-12 12:19:52	1	2	1	0
         44686	2026-03-12 12:27:53	1	2	1	0
          7672	2026-03-12 12:31:18	1	3	1	0
         41721	2026-03-12 12:31:28	1	3	1	0
         41721	2026-03-12 12:31:34	1	3	1	0
         19073	2026-03-12 12:32:36	1	3	1	0
          8252	2026-03-12 12:37:29	1	3	1	0
          5926	2026-03-12 12:37:40	1	3	1	0
         34154	2026-03-12 12:38:23	1	3	1	0
         46645	2026-03-12 12:39:49	1	3	1	0
         46645	2026-03-12 12:39:55	1	3	1	0
          2606	2026-03-12 12:40:09	1	3	1	0
         30774	2026-03-12 12:40:30	1	3	1	0
          9271	2026-03-12 12:43:16	1	3	1	0
         17018	2026-03-12 12:43:34	1	3	1	0
         22574	2026-03-12 12:44:29	1	3	16	0
         22574	2026-03-12 12:44:35	1	3	16	0
          8715	2026-03-12 12:49:45	1	3	1	0
          6092	2026-03-12 12:50:08	1	3	1	0
         44686	2026-03-12 12:50:33	1	3	1	0
          1962	2026-03-12 12:51:23	1	3	1	0
         19893	2026-03-12 12:55:25	1	3	1	0
          7490	2026-03-12 18:01:03	1	1	1	0
          7490	2026-03-12 18:01:05	1	1	1	0
          9271	2026-03-12 18:01:11	1	1	1	0
          2606	2026-03-12 18:01:18	1	1	1	0
          4791	2026-03-12 18:02:02	1	1	1	0
          8715	2026-03-12 18:02:12	1	1	1	0
          8715	2026-03-12 18:02:13	1	1	1	0
         30774	2026-03-12 18:03:11	1	1	1	0
          8252	2026-03-12 18:03:24	1	1	1	0
         34154	2026-03-12 18:03:32	1	1	1	0
         34154	2026-03-12 18:03:33	1	1	1	0
         46645	2026-03-12 18:03:55	1	1	1	0
         46645	2026-03-12 18:04:01	1	1	1	0
         22574	2026-03-12 18:04:18	1	1	1	0
          6092	2026-03-12 18:06:04	1	1	1	0
          5926	2026-03-12 18:06:12	1	1	1	0
         17018	2026-03-12 18:07:02	1	1	1	0
          1962	2026-03-12 18:07:52	1	1	1	0
          1962	2026-03-12 18:07:54	1	1	1	0
          7672	2026-03-12 18:13:53	1	1	1	0
         19073	2026-03-12 18:46:11	1	1	1	0
         35885	2026-03-12 19:42:43	1	1	1	0
         35885	2026-03-12 19:42:45	1	1	1	0
         19073	2026-03-13 06:45:55	1	0	1	0
         19073	2026-03-13 06:46:06	1	0	16	0
         19073	2026-03-13 06:46:08	1	0	16	0
         19073	2026-03-13 12:17:46	1	2	1	0
         19073	2026-03-13 12:18:15	1	2	16	0
         19073	2026-03-13 12:39:38	1	3	1	0
         19073	2026-03-13 12:40:01	1	3	16	0
         19073	2026-03-13 18:20:30	1	1	1	0
         23327	2026-03-14 07:41:27	1	0	1	0
         23327	2026-03-14 07:41:30	1	0	1	0
         23327	2026-03-14 12:07:10	1	2	1	0
         23327	2026-03-14 12:38:46	1	3	1	0
         19073	2026-03-16 07:00:54	1	0	1	0
         19073	2026-03-16 07:01:00	1	0	16	0
         17018	2026-03-16 07:06:14	1	0	1	0
         30774	2026-03-16 07:37:22	1	0	1	0
          7490	2026-03-16 07:37:59	1	0	1	0
          7490	2026-03-16 07:38:00	1	0	1	0
          5926	2026-03-16 07:38:47	1	0	1	0
         35885	2026-03-16 07:48:19	1	0	1	0
         35885	2026-03-16 07:48:21	1	0	1	0
          2606	2026-03-16 07:48:44	1	0	1	0
          2606	2026-03-16 07:48:47	1	0	1	0
          6092	2026-03-16 07:55:05	1	0	1	0
          4791	2026-03-16 08:07:59	1	0	1	0
          7490	2026-03-16 12:01:07	1	2	1	0
          7490	2026-03-16 12:01:12	1	2	1	0
         41721	2026-03-16 12:02:51	1	2	1	0
          8715	2026-03-16 12:03:03	1	2	1	0
          8715	2026-03-16 12:03:05	1	2	1	0
         30774	2026-03-16 12:03:18	1	2	1	0
          6092	2026-03-16 12:03:25	1	2	1	0
          2030	2026-03-16 12:03:38	1	2	1	0
          1962	2026-03-16 12:03:44	1	2	1	0
          1962	2026-03-16 12:03:45	1	2	1	0
          2606	2026-03-16 12:04:00	1	2	1	0
          8252	2026-03-16 12:04:16	1	2	1	0
         17018	2026-03-16 12:04:53	1	2	1	0
         23327	2026-03-16 12:05:21	1	2	1	0
         22574	2026-03-16 12:05:39	1	2	16	0
         22574	2026-03-16 12:05:41	1	2	16	0
         35885	2026-03-16 12:05:47	1	2	1	0
         35885	2026-03-16 12:05:48	1	2	1	0
          4791	2026-03-16 12:05:56	1	2	1	0
          7490	2026-03-16 12:10:05	1	3	1	0
          7490	2026-03-16 12:10:07	1	3	1	0
          2030	2026-03-16 12:10:38	1	3	1	0
          5926	2026-03-16 12:12:21	1	2	1	0
         46645	2026-03-16 12:12:54	1	2	1	0
         35885	2026-03-16 12:13:13	1	3	1	0
         35885	2026-03-16 12:13:14	1	3	1	0
         23327	2026-03-16 12:31:23	1	3	1	0
          2606	2026-03-16 12:31:58	1	3	1	0
         41721	2026-03-16 12:32:46	1	3	1	0
         41721	2026-03-16 12:32:56	1	3	1	0
          5926	2026-03-16 12:35:34	1	3	1	0
          6092	2026-03-16 12:38:50	1	3	1	0
         46645	2026-03-16 12:39:18	1	3	1	0
         46645	2026-03-16 12:39:32	1	3	1	0
          1962	2026-03-16 12:41:24	1	3	1	0
          4791	2026-03-16 12:41:55	1	3	1	0
         17018	2026-03-16 12:42:14	1	3	1	0
         30774	2026-03-16 12:42:20	1	3	1	0
         19893	2026-03-16 12:45:04	1	3	1	0
         22574	2026-03-16 12:49:45	1	3	16	0
         22574	2026-03-16 12:49:53	1	3	16	0
          8252	2026-03-16 12:50:07	1	3	1	0
          7490	2026-03-16 17:01:08	1	1	1	0
          7490	2026-03-16 17:01:09	1	1	1	0
          2606	2026-03-16 17:01:15	1	1	1	0
         30774	2026-03-16 17:02:34	1	1	1	0
          6092	2026-03-16 17:03:37	1	1	1	0
         46645	2026-03-16 17:04:08	1	1	1	0
          8715	2026-03-16 17:04:17	1	1	1	0
          8715	2026-03-16 17:04:19	1	1	1	0
          4791	2026-03-16 17:04:28	1	1	1	0
          2030	2026-03-16 17:04:34	1	1	1	0
          2030	2026-03-16 17:04:37	1	1	16	0
          1962	2026-03-16 17:04:54	1	1	1	0
          8252	2026-03-16 17:05:01	1	1	1	0
          5926	2026-03-16 17:05:27	1	1	1	0
          7672	2026-03-16 17:21:50	1	1	1	0
         19073	2026-03-16 17:25:33	1	1	1	0
         23327	2026-03-16 17:28:50	1	1	1	0
          9271	2026-03-16 18:01:29	1	1	1	0
         22574	2026-03-16 18:05:29	1	1	1	0
         17018	2026-03-16 18:05:59	1	1	1	0
          7672	2026-03-17 06:14:04	1	0	1	0
          9271	2026-03-17 06:46:30	1	0	1	0
         34154	2026-03-17 06:48:50	1	0	1	0
         22574	2026-03-17 06:49:12	1	0	1	0
         22574	2026-03-17 06:49:14	1	0	1	0
         19073	2026-03-17 06:59:44	1	0	1	0
         19073	2026-03-17 06:59:55	1	0	16	0
         19073	2026-03-17 06:59:57	1	0	16	0
         17018	2026-03-17 07:00:41	1	0	1	0
          1962	2026-03-17 07:32:40	1	0	1	0
          1962	2026-03-17 07:32:42	1	0	1	0
         30774	2026-03-17 07:33:35	1	0	1	0
          5926	2026-03-17 07:34:53	1	0	1	0
         46645	2026-03-17 07:36:40	1	0	1	0
         46645	2026-03-17 07:36:53	1	0	1	0
          4791	2026-03-17 07:39:29	1	0	1	0
          2606	2026-03-17 07:50:07	1	0	1	0
         35885	2026-03-17 07:52:10	1	0	1	0
         35885	2026-03-17 07:52:12	1	0	1	0
          7490	2026-03-17 07:52:49	1	0	1	0
          7490	2026-03-17 07:52:52	1	0	1	0
          6092	2026-03-17 07:57:45	1	0	1	0
          7490	2026-03-17 12:01:07	1	2	1	0
          7490	2026-03-17 12:01:09	1	2	1	0
         41721	2026-03-17 12:01:15	1	2	1	0
          2030	2026-03-17 12:01:34	1	2	1	0
          7672	2026-03-17 12:01:45	1	2	1	0
          8715	2026-03-17 12:01:54	1	2	1	0
          8715	2026-03-17 12:01:57	1	2	1	0
         46645	2026-03-17 12:02:03	1	2	1	0
          9271	2026-03-17 12:02:08	1	2	1	0
          1962	2026-03-17 12:02:58	1	2	1	0
          6092	2026-03-17 12:03:04	1	2	1	0
         22574	2026-03-17 12:03:10	1	2	1	0
         17018	2026-03-17 12:03:18	1	2	1	0
          2606	2026-03-17 12:03:51	1	2	1	0
         30774	2026-03-17 12:05:04	1	2	1	0
         34154	2026-03-17 12:05:11	1	2	1	0
          5926	2026-03-17 12:05:35	1	2	1	0
          2030	2026-03-17 12:10:53	1	3	1	0
         19073	2026-03-17 12:12:17	1	2	1	0
         19073	2026-03-17 12:12:51	1	2	16	0
         23327	2026-03-17 12:18:44	1	2	1	0
         17018	2026-03-17 12:26:12	1	3	1	0
         41721	2026-03-17 12:32:52	1	3	1	0
         41721	2026-03-17 12:32:55	1	3	1	0
          5926	2026-03-17 12:34:16	1	3	1	0
         46645	2026-03-17 12:34:41	1	3	1	0
         46645	2026-03-17 12:34:47	1	3	1	0
         19073	2026-03-17 12:35:57	1	3	1	0
         19073	2026-03-17 12:36:06	1	3	16	0
          7672	2026-03-17 12:36:27	1	3	1	0
          7672	2026-03-17 12:36:33	1	3	1	0
         30774	2026-03-17 12:37:18	1	3	1	0
         23327	2026-03-17 12:39:11	1	3	1	0
          2606	2026-03-17 12:40:13	1	3	1	0
          1962	2026-03-17 12:43:42	1	3	1	0
          1962	2026-03-17 12:43:45	1	3	1	0
          6092	2026-03-17 12:44:11	1	3	1	0
          9271	2026-03-17 12:46:48	1	3	1	0
         22574	2026-03-17 12:48:34	1	3	16	0
         22574	2026-03-17 12:48:36	1	3	1	0
         34154	2026-03-17 12:49:19	1	3	1	0
         34154	2026-03-17 12:49:21	1	3	1	0
          7490	2026-03-17 12:51:20	1	3	1	0
          7490	2026-03-17 12:51:21	1	3	1	0
          7490	2026-03-17 17:01:13	1	1	1	0
          7490	2026-03-17 17:01:14	1	1	1	0
          5926	2026-03-17 17:02:06	1	1	1	0
         30774	2026-03-17 17:03:10	1	1	1	0
         46645	2026-03-17 17:03:32	1	1	1	0
          6092	2026-03-17 17:03:47	1	1	1	0
          2030	2026-03-17 17:03:57	1	1	1	0
          8715	2026-03-17 17:04:03	1	1	1	0
          8715	2026-03-17 17:04:06	1	1	1	0
          1962	2026-03-17 17:04:23	1	1	1	0
          4791	2026-03-17 17:05:20	1	1	1	0
          8252	2026-03-17 17:06:07	1	1	1	0
          2606	2026-03-17 17:07:17	1	1	1	0
         19073	2026-03-17 17:12:26	1	1	1	0
         19073	2026-03-17 17:12:29	1	1	16	0
         19073	2026-03-17 17:12:31	1	1	16	0
         23327	2026-03-17 17:18:14	1	1	1	0
         23327	2026-03-17 17:18:19	1	1	1	0
         19893	2026-03-17 18:01:06	1	1	1	0
         17018	2026-03-17 18:02:04	1	1	1	0
          9271	2026-03-17 18:02:14	1	1	1	0
         22574	2026-03-17 18:02:44	1	1	1	0
         34154	2026-03-17 18:03:12	1	1	1	0
         34154	2026-03-17 18:03:15	1	1	1	0
         22574	2026-03-18 06:46:17	1	0	16	0
         34154	2026-03-18 06:53:07	1	0	1	0
         34154	2026-03-18 06:53:13	1	0	16	0
          9271	2026-03-18 06:57:20	1	0	1	0
          7672	2026-03-18 06:57:56	1	0	1	0
         19073	2026-03-18 07:02:21	1	0	1	0
         19073	2026-03-18 07:02:50	1	0	16	0
         19073	2026-03-18 07:02:52	1	0	16	0
         17018	2026-03-18 07:05:01	1	0	1	0
         46645	2026-03-18 07:32:35	1	0	1	0
         46645	2026-03-18 07:32:41	1	0	1	0
          5926	2026-03-18 07:35:03	1	0	1	0
         30774	2026-03-18 07:42:03	1	0	1	0
          2606	2026-03-18 07:42:45	1	0	1	0
          8252	2026-03-18 07:43:22	1	0	1	0
          7490	2026-03-18 07:49:34	1	0	1	0
          7490	2026-03-18 07:49:36	1	0	1	0
          2030	2026-03-18 07:51:24	1	0	1	0
          4791	2026-03-18 07:52:18	1	0	1	0
          6092	2026-03-18 07:57:33	1	0	1	0
          7490	2026-03-18 12:01:05	1	2	1	0
          7490	2026-03-18 12:01:06	1	2	1	0
          2030	2026-03-18 12:01:40	1	2	1	0
          5926	2026-03-18 12:02:00	1	2	1	0
          8715	2026-03-18 12:02:11	1	2	1	0
          8715	2026-03-18 12:02:13	1	2	1	0
          2606	2026-03-18 12:02:24	1	2	1	0
          1962	2026-03-18 12:02:51	1	2	1	0
          1962	2026-03-18 12:02:57	1	2	1	0
          6092	2026-03-18 12:03:05	1	2	1	0
          9271	2026-03-18 12:04:20	1	2	1	0
         46645	2026-03-18 12:08:26	1	2	1	0
         46645	2026-03-18 12:08:32	1	2	1	0
         34154	2026-03-18 12:08:54	1	2	1	0
         30774	2026-03-18 12:09:14	1	2	1	0
         22574	2026-03-18 12:10:09	1	2	16	0
         22574	2026-03-18 12:10:13	1	2	16	0
          4791	2026-03-18 12:12:42	1	2	1	0
         19073	2026-03-18 12:16:53	1	2	1	0
         23327	2026-03-18 12:17:13	1	2	1	0
         23327	2026-03-18 12:17:16	1	2	1	0
          2030	2026-03-18 12:21:10	1	3	1	0
          8252	2026-03-18 12:21:58	1	2	1	0
         46645	2026-03-18 12:26:18	1	2	1	0
         17018	2026-03-18 12:27:00	1	2	1	0
         19073	2026-03-18 12:33:19	1	3	1	0
          5926	2026-03-18 12:33:38	1	3	1	0
          7672	2026-03-18 12:33:52	1	2	1	0
         30774	2026-03-18 12:34:04	1	3	1	0
          2606	2026-03-18 12:34:49	1	3	1	0
         46645	2026-03-18 12:35:07	1	3	1	0
         46645	2026-03-18 12:35:13	1	3	1	0
          7672	2026-03-18 12:35:25	1	3	1	0
          1962	2026-03-18 12:36:13	1	3	1	0
         34154	2026-03-18 12:37:40	1	3	1	0
         22574	2026-03-18 12:39:23	1	3	1	0
         22574	2026-03-18 12:39:25	1	3	1	0
         17018	2026-03-18 12:39:44	1	3	1	0
          6092	2026-03-18 12:39:52	1	3	1	0
          8252	2026-03-18 12:40:24	1	3	1	0
         23327	2026-03-18 12:41:07	1	3	1	0
         23327	2026-03-18 12:41:09	1	3	1	0
          9271	2026-03-18 12:47:20	1	3	1	0
          4791	2026-03-18 12:50:21	1	3	1	0
          7672	2026-03-18 17:01:06	1	1	1	0
          7490	2026-03-18 17:01:13	1	1	1	0
          7490	2026-03-18 17:01:15	1	1	1	0
          2606	2026-03-18 17:01:21	1	1	1	0
          2030	2026-03-18 17:01:29	1	1	1	0
          1962	2026-03-18 17:01:36	1	1	1	0
         46645	2026-03-18 17:01:46	1	1	1	0
         46645	2026-03-18 17:01:52	1	1	1	0
          5926	2026-03-18 17:02:08	1	1	1	0
         30774	2026-03-18 17:02:14	1	1	1	0
         19073	2026-03-18 17:02:22	1	1	1	0
         19073	2026-03-18 17:02:29	1	1	16	0
          8715	2026-03-18 17:02:41	1	1	1	0
          8715	2026-03-18 17:02:43	1	1	1	0
          6092	2026-03-18 17:02:58	1	1	1	0
         23327	2026-03-18 17:05:36	1	1	1	0
         23327	2026-03-18 17:05:38	1	1	1	0
         23327	2026-03-18 17:05:39	1	1	1	0
          4791	2026-03-18 17:05:59	1	1	1	0
          8252	2026-03-18 17:08:02	1	1	1	0
          9271	2026-03-18 18:01:08	1	1	1	0
         22574	2026-03-18 18:01:14	1	1	1	0
         34154	2026-03-18 18:02:06	1	1	1	0
         34154	2026-03-18 18:02:08	1	1	1	0
         17018	2026-03-18 18:23:46	1	1	1	0
         34154	2026-03-19 06:51:58	1	0	1	0
         34154	2026-03-19 06:52:00	1	0	1	0
          7672	2026-03-19 06:59:43	1	0	1	0
          9271	2026-03-19 07:05:38	1	0	1	0
          1962	2026-03-19 07:05:56	1	0	1	0
         17018	2026-03-19 07:06:36	1	0	1	0
         44686	2026-03-19 07:06:47	1	0	1	0
         19073	2026-03-19 07:11:56	1	0	1	0
         19073	2026-03-19 07:12:56	1	0	16	0
         41721	2026-03-19 07:28:28	1	0	1	0
         46645	2026-03-19 07:32:53	1	0	1	0
         46645	2026-03-19 07:33:00	1	0	1	0
         30774	2026-03-19 07:40:42	1	0	1	0
          2606	2026-03-19 07:42:47	1	0	1	0
          5926	2026-03-19 07:43:15	1	0	1	0
          4791	2026-03-19 07:49:26	1	0	1	0
          8715	2026-03-19 07:53:35	1	0	1	0
          8715	2026-03-19 07:53:37	1	0	1	0
          2030	2026-03-19 07:58:02	1	0	1	0
          1962	2026-03-19 08:00:27	1	0	1	0
         44686	2026-03-19 12:01:06	1	2	1	0
          1962	2026-03-19 12:01:58	1	2	1	0
         46645	2026-03-19 12:02:11	1	2	1	0
         46645	2026-03-19 12:02:17	1	2	1	0
         41721	2026-03-19 12:02:35	1	2	1	0
         30774	2026-03-19 12:03:09	1	2	1	0
          5926	2026-03-19 12:04:04	1	2	1	0
         22574	2026-03-19 12:05:33	1	2	1	0
          2606	2026-03-19 12:05:59	1	2	1	0
          2606	2026-03-19 12:06:03	1	2	1	0
          4791	2026-03-19 12:06:48	1	2	1	0
         34154	2026-03-19 12:06:58	1	2	1	0
         23327	2026-03-19 12:10:43	1	2	1	0
         17018	2026-03-19 12:27:03	1	2	1	0
          2606	2026-03-19 12:32:09	1	3	1	0
         23327	2026-03-19 12:32:33	1	3	1	0
         23327	2026-03-19 12:32:35	1	3	1	0
         41721	2026-03-19 12:32:44	1	3	1	0
          8252	2026-03-19 12:35:29	1	2	1	0
         46645	2026-03-19 12:46:32	1	3	1	0
         46645	2026-03-19 12:46:45	1	3	1	0
         34154	2026-03-19 12:46:51	1	3	1	0
         34154	2026-03-19 12:46:52	1	3	1	0
          7490	2026-03-19 12:46:57	1	3	1	0
          7490	2026-03-19 12:46:59	1	3	1	0
          1962	2026-03-19 12:48:44	1	3	1	0
          4791	2026-03-19 12:48:51	1	3	1	0
          5926	2026-03-19 12:49:10	1	3	1	0
         22574	2026-03-19 12:49:35	1	3	1	0
         17018	2026-03-19 12:49:46	1	3	1	0
         30774	2026-03-19 12:51:46	1	3	1	0
         44686	2026-03-19 12:51:56	1	3	1	0
          8252	2026-03-19 13:00:19	1	3	1	0
          7490	2026-03-19 17:01:13	1	1	1	0
          7490	2026-03-19 17:01:15	1	1	1	0
         23327	2026-03-19 17:01:35	1	1	1	0
          2606	2026-03-19 17:01:42	1	1	1	0
         46645	2026-03-19 17:01:50	1	1	1	0
          4791	2026-03-19 17:01:57	1	1	1	0
         46645	2026-03-19 17:02:04	1	1	1	0
          8715	2026-03-19 17:02:14	1	1	1	0
          8715	2026-03-19 17:02:16	1	1	1	0
         30774	2026-03-19 17:03:04	1	1	1	0
          5926	2026-03-19 17:03:34	1	1	1	0
          1962	2026-03-19 17:04:41	1	1	1	0
          8252	2026-03-19 17:05:53	1	1	1	0
         41721	2026-03-19 17:10:51	1	1	1	0
          7672	2026-03-19 17:11:20	1	1	1	0
         19073	2026-03-19 17:36:45	1	1	1	0
         19073	2026-03-19 17:37:10	1	1	16	0
         19073	2026-03-19 17:37:12	1	1	16	0
          9271	2026-03-19 18:01:07	1	1	1	0
         22574	2026-03-19 18:01:12	1	1	1	0
         34154	2026-03-19 18:02:09	1	1	1	0
         34154	2026-03-19 18:02:11	1	1	1	0
         17018	2026-03-19 18:04:14	1	1	1	0
         44686	2026-03-19 18:04:43	1	1	1	0
         19073	2026-03-20 07:00:24	1	0	1	0
         19073	2026-03-20 07:00:33	1	0	16	0
         19073	2026-03-20 07:00:35	1	0	16	0
         19073	2026-03-20 12:27:37	1	2	1	0
         19073	2026-03-20 12:27:47	1	2	16	0
         19073	2026-03-20 12:37:09	1	3	1	0
         19073	2026-03-20 12:38:11	1	3	16	0
         19073	2026-03-20 17:13:42	1	1	1	0
         19073	2026-03-21 07:24:32	1	0	1	0
         19073	2026-03-21 07:24:39	1	0	16	0
         19073	2026-03-21 12:29:10	1	2	1	0
         19073	2026-03-21 12:29:15	1	2	16	0
         19073	2026-03-21 12:32:33	1	3	1	0
         19073	2026-03-21 17:08:57	1	1	1	0
         19073	2026-03-21 17:09:11	1	1	16	0
         19073	2026-03-23 06:50:51	1	0	1	0
          7672	2026-03-23 07:02:32	1	0	1	0
         17018	2026-03-23 07:04:39	1	0	1	0
         46645	2026-03-23 07:32:14	1	0	1	0
         46645	2026-03-23 07:32:20	1	0	1	0
          1962	2026-03-23 07:33:10	1	0	1	0
          1962	2026-03-23 07:33:15	1	0	1	0
         30774	2026-03-23 07:35:45	1	0	1	0
          6092	2026-03-23 07:45:39	1	0	1	0
          8252	2026-03-23 07:46:29	1	0	1	0
          5926	2026-03-23 07:47:50	1	0	1	0
          2606	2026-03-23 07:48:00	1	0	1	0
         41721	2026-03-23 07:50:04	1	0	1	0
         41721	2026-03-23 07:50:12	1	0	1	0
          8715	2026-03-23 07:50:51	1	0	1	0
          8715	2026-03-23 07:50:53	1	0	1	0
         35885	2026-03-23 07:56:31	1	0	1	0
         35885	2026-03-23 07:56:33	1	0	1	0
          7490	2026-03-23 12:01:26	1	2	1	0
          7490	2026-03-23 12:01:28	1	2	1	0
          9271	2026-03-23 12:01:34	1	2	1	0
          5926	2026-03-23 12:01:45	1	2	1	0
          8715	2026-03-23 12:01:52	1	2	1	0
          8715	2026-03-23 12:01:53	1	2	1	0
          1962	2026-03-23 12:02:13	1	2	1	0
          1962	2026-03-23 12:02:15	1	2	1	0
          2606	2026-03-23 12:04:33	1	2	1	0
         30774	2026-03-23 12:05:25	1	2	1	0
         19073	2026-03-23 12:06:05	1	2	1	0
         22574	2026-03-23 12:06:34	1	2	1	0
         46645	2026-03-23 12:06:50	1	2	1	0
         46645	2026-03-23 12:06:56	1	2	1	0
          6092	2026-03-23 12:07:12	1	2	1	0
          7672	2026-03-23 12:07:36	1	2	1	0
         41721	2026-03-23 12:07:55	1	2	1	0
         17018	2026-03-23 12:12:01	1	2	1	0
         19893	2026-03-23 12:15:24	1	2	1	0
         44686	2026-03-23 12:24:42	1	2	1	0
         44686	2026-03-23 12:25:57	1	3	1	0
         23327	2026-03-23 12:27:06	1	2	1	0
         23327	2026-03-23 12:27:16	1	2	1	0
          8252	2026-03-23 12:29:23	1	2	1	0
          8252	2026-03-23 12:29:31	1	2	1	0
         19073	2026-03-23 12:36:42	1	3	1	0
         41721	2026-03-23 12:37:41	1	3	1	0
         41721	2026-03-23 12:37:46	1	3	1	0
          5926	2026-03-23 12:38:13	1	3	1	0
         22574	2026-03-23 12:40:00	1	3	1	0
         46645	2026-03-23 12:40:11	1	3	1	0
         46645	2026-03-23 12:40:18	1	3	1	0
          1962	2026-03-23 12:40:29	1	3	1	0
          1962	2026-03-23 12:40:31	1	3	1	0
          6092	2026-03-23 12:40:37	1	3	1	0
          2606	2026-03-23 12:40:53	1	3	1	0
         23327	2026-03-23 12:41:20	1	3	1	0
         23327	2026-03-23 12:41:23	1	3	1	0
         17018	2026-03-23 12:42:25	1	3	1	0
         30774	2026-03-23 12:45:29	1	3	1	0
          7672	2026-03-23 12:48:53	1	3	1	0
          7490	2026-03-23 12:50:20	1	3	1	0
          7490	2026-03-23 12:50:21	1	3	1	0
          9271	2026-03-23 12:50:41	1	3	1	0
          8252	2026-03-23 12:51:21	1	3	1	0
         19893	2026-03-23 12:52:44	1	3	1	0
          7490	2026-03-23 17:01:04	1	1	1	0
          7490	2026-03-23 17:01:07	1	1	1	0
         46645	2026-03-23 17:01:14	1	1	1	0
         46645	2026-03-23 17:01:20	1	1	1	0
         41721	2026-03-23 17:01:25	1	1	1	0
          2606	2026-03-23 17:01:31	1	1	1	0
          7672	2026-03-23 17:02:07	1	1	1	0
          1962	2026-03-23 17:03:24	1	1	1	0
          1962	2026-03-23 17:03:27	1	1	1	0
          1962	2026-03-23 17:03:31	1	1	1	0
          6092	2026-03-23 17:03:41	1	1	1	0
         30774	2026-03-23 17:04:32	1	1	1	0
          5926	2026-03-23 17:04:45	1	1	1	0
          8252	2026-03-23 17:05:40	1	1	1	0
         19073	2026-03-23 17:44:26	1	1	1	0
         44686	2026-03-23 18:00:34	1	1	1	0
         22574	2026-03-23 18:01:10	1	1	1	0
         19893	2026-03-23 18:01:17	1	1	1	0
          9271	2026-03-23 18:01:25	1	1	1	0
         17018	2026-03-23 18:16:47	1	1	1	0
         23327	2026-03-24 06:23:35	1	0	1	0
         23327	2026-03-24 06:23:39	1	0	1	0
         44686	2026-03-24 06:53:11	1	0	1	0
         34154	2026-03-24 06:54:24	1	0	1	0
         34154	2026-03-24 06:54:37	1	0	1	0
         19893	2026-03-24 07:04:46	1	0	1	0
         17018	2026-03-24 07:05:46	1	0	1	0
         19073	2026-03-24 07:08:07	1	0	1	0
         19073	2026-03-24 07:08:13	1	0	16	0
         19073	2026-03-24 07:08:16	1	0	16	0
          7672	2026-03-24 07:21:45	1	0	1	0
          8252	2026-03-24 07:38:05	1	0	1	0
          2606	2026-03-24 07:43:18	1	0	1	0
          4791	2026-03-24 07:50:11	1	0	1	0
         46645	2026-03-24 07:50:22	1	0	1	0
         46645	2026-03-24 07:50:28	1	0	1	0
          6092	2026-03-24 07:54:21	1	0	1	0
          8715	2026-03-24 07:55:27	1	0	1	0
          8715	2026-03-24 07:55:28	1	0	1	0
          7490	2026-03-24 07:55:46	1	0	1	0
          7490	2026-03-24 07:55:47	1	0	1	0
         22574	2026-03-24 12:01:24	1	2	1	0
          7490	2026-03-24 12:01:31	1	2	1	0
          7490	2026-03-24 12:01:34	1	2	1	0
          5926	2026-03-24 12:01:43	1	2	1	0
          1962	2026-03-24 12:01:51	1	2	1	0
          2606	2026-03-24 12:02:05	1	2	1	0
         34154	2026-03-24 12:03:15	1	2	1	0
         30774	2026-03-24 12:03:25	1	2	1	0
         46645	2026-03-24 12:03:41	1	2	1	0
         46645	2026-03-24 12:03:47	1	2	1	0
          6092	2026-03-24 12:03:58	1	2	1	0
         19073	2026-03-24 12:05:57	1	2	1	0
         23327	2026-03-24 12:08:50	1	2	1	0
         19893	2026-03-24 12:10:39	1	2	1	0
         17018	2026-03-24 12:27:39	1	2	1	0
          5926	2026-03-24 12:31:29	1	3	1	0
          1962	2026-03-24 12:31:39	1	3	1	0
         19073	2026-03-24 12:31:54	1	3	1	0
         19073	2026-03-24 12:31:57	1	3	16	0
         19893	2026-03-24 12:32:50	1	3	1	0
          2606	2026-03-24 12:35:09	1	3	1	0
         23327	2026-03-24 12:35:25	1	3	1	0
          6092	2026-03-24 12:35:57	1	3	1	0
         30774	2026-03-24 12:36:11	1	3	1	0
         17018	2026-03-24 12:40:09	1	3	1	0
         22574	2026-03-24 12:42:09	1	3	16	0
         22574	2026-03-24 12:42:12	1	3	16	0
         34154	2026-03-24 12:42:42	1	3	1	0
         46645	2026-03-24 12:55:17	1	3	1	0
         46645	2026-03-24 12:55:23	1	3	1	0
         17018	2026-03-24 12:55:48	1	3	1	0
          7490	2026-03-24 17:01:10	1	1	1	0
          7490	2026-03-24 17:01:11	1	1	1	0
          2606	2026-03-24 17:01:17	1	1	1	0
          8715	2026-03-24 17:07:15	1	1	1	0
          8715	2026-03-24 17:07:17	1	1	1	0
         23327	2026-03-24 17:12:32	1	1	1	0
         30774	2026-03-24 17:26:59	1	1	1	0
         46645	2026-03-24 17:29:04	1	1	1	0
         46645	2026-03-24 17:29:19	1	1	1	0
          7672	2026-03-24 17:30:26	1	1	1	0
          4791	2026-03-24 17:30:39	1	1	1	0
         19073	2026-03-24 17:39:37	1	1	1	0
          8252	2026-03-24 17:42:20	1	1	1	0
         44686	2026-03-24 18:09:11	1	1	1	0
         34154	2026-03-24 18:14:03	1	1	1	0
         34154	2026-03-24 18:14:04	1	1	1	0
         17018	2026-03-24 18:52:20	1	1	1	0
         22574	2026-03-24 19:26:55	1	1	1	0
          1962	2026-03-24 19:27:08	1	1	1	0
          1962	2026-03-24 19:27:10	1	1	1	0
          6092	2026-03-24 19:27:19	1	1	1	0
          5926	2026-03-24 19:30:13	1	1	1	0
          7672	2026-03-25 06:17:26	1	0	1	0
         19073	2026-03-25 06:36:46	1	0	1	0
         22574	2026-03-25 06:45:16	1	0	1	0
         22574	2026-03-25 06:45:22	1	0	1	0
         34154	2026-03-25 06:54:05	1	0	1	0
         34154	2026-03-25 06:54:10	1	0	1	0
          9271	2026-03-25 06:55:20	1	0	1	0
         44686	2026-03-25 06:58:21	1	0	1	0
         17018	2026-03-25 07:04:02	1	0	1	0
          1962	2026-03-25 07:08:52	1	0	1	0
         30774	2026-03-25 07:10:33	1	0	1	0
          5926	2026-03-25 07:40:27	1	0	1	0
         46645	2026-03-25 07:41:38	1	0	1	0
         46645	2026-03-25 07:41:44	1	0	1	0
          8715	2026-03-25 07:45:38	1	0	1	0
          8715	2026-03-25 07:45:40	1	0	1	0
          7490	2026-03-25 07:46:16	1	0	1	0
          7490	2026-03-25 07:46:18	1	0	1	0
          4791	2026-03-25 07:48:16	1	0	1	0
          2606	2026-03-25 07:48:30	1	0	1	0
          6092	2026-03-25 07:56:42	1	0	1	0
         35885	2026-03-25 07:57:08	1	0	1	0
         35885	2026-03-25 07:57:10	1	0	1	0
          7490	2026-03-25 12:01:08	1	2	1	0
          7490	2026-03-25 12:01:09	1	2	1	0
          7672	2026-03-25 12:01:17	1	2	1	0
          8715	2026-03-25 12:01:23	1	2	1	0
          8715	2026-03-25 12:01:24	1	2	1	0
         19073	2026-03-25 12:03:23	1	2	1	0
          2606	2026-03-25 12:03:39	1	2	1	0
         34154	2026-03-25 12:05:38	1	2	1	0
         34154	2026-03-25 12:05:42	1	2	1	0
         46645	2026-03-25 12:05:53	1	2	1	0
         46645	2026-03-25 12:05:54	1	2	1	0
         46645	2026-03-25 12:05:59	1	2	1	0
         19893	2026-03-25 12:08:25	1	2	1	0
         23327	2026-03-25 12:21:17	1	2	1	0
         23327	2026-03-25 12:32:46	1	3	1	0
         23327	2026-03-25 12:32:49	1	3	1	0
         19073	2026-03-25 12:33:26	1	3	1	0
          2606	2026-03-25 12:33:39	1	3	1	0
          2606	2026-03-25 12:33:45	1	3	1	0
         19893	2026-03-25 12:34:02	1	3	1	0
          7672	2026-03-25 12:41:31	1	3	1	0
         34154	2026-03-25 12:45:35	1	3	1	0
         34154	2026-03-25 12:45:36	1	3	1	0
         46645	2026-03-25 12:45:47	1	3	1	0
         46645	2026-03-25 12:45:53	1	3	1	0
          7490	2026-03-25 12:48:05	1	3	1	0
          7490	2026-03-25 12:48:06	1	3	1	0
          8715	2026-03-25 12:49:17	1	3	1	0
          8715	2026-03-25 12:49:19	1	3	1	0
         41721	2026-03-25 12:51:27	1	2	1	0
         41721	2026-03-25 12:52:44	1	3	1	0
         41721	2026-03-25 12:52:50	1	3	1	0
          7490	2026-03-25 17:01:07	1	1	1	0
          7490	2026-03-25 17:01:09	1	1	1	0
          1962	2026-03-25 17:01:17	1	1	1	0
          2606	2026-03-25 17:01:24	1	1	1	0
          6092	2026-03-25 17:01:30	1	1	1	0
         41721	2026-03-25 17:01:36	1	1	1	0
          7672	2026-03-25 17:01:43	1	1	1	0
          2030	2026-03-25 17:01:48	1	1	1	0
          5926	2026-03-25 17:02:02	1	1	1	0
         30774	2026-03-25 17:02:12	1	1	1	0
         23327	2026-03-25 17:02:27	1	1	1	0
         46645	2026-03-25 17:02:45	1	1	1	0
         46645	2026-03-25 17:02:51	1	1	1	0
          8252	2026-03-25 17:05:27	1	1	1	0
         19073	2026-03-25 17:12:37	1	1	1	0
          9271	2026-03-25 18:01:43	1	1	1	0
         44686	2026-03-25 18:03:55	1	1	1	0
         22574	2026-03-25 18:04:13	1	1	1	0
         34154	2026-03-25 18:05:49	1	1	1	0
         34154	2026-03-25 18:05:51	1	1	1	0
         17018	2026-03-25 18:06:21	1	1	1	0
         44686	2026-03-26 06:55:59	1	0	1	0
         34154	2026-03-26 06:59:06	1	0	1	0
         34154	2026-03-26 06:59:08	1	0	1	0
         17018	2026-03-26 07:02:52	1	0	1	0
         19073	2026-03-26 07:11:14	1	0	1	0
         19073	2026-03-26 07:11:24	1	0	16	0
         19073	2026-03-26 07:11:26	1	0	16	0
         30774	2026-03-26 07:33:17	1	0	1	0
          7672	2026-03-26 07:35:25	1	0	1	0
          5926	2026-03-26 07:39:49	1	0	1	0
          8252	2026-03-26 07:46:51	1	0	1	0
         46645	2026-03-26 07:47:49	1	0	1	0
         46645	2026-03-26 07:47:55	1	0	1	0
          2606	2026-03-26 07:51:28	1	0	1	0
          8715	2026-03-26 07:52:22	1	0	1	0
          8715	2026-03-26 07:52:24	1	0	1	0
          2030	2026-03-26 07:53:02	1	0	1	0
          7490	2026-03-26 07:53:42	1	0	1	0
          7490	2026-03-26 07:53:44	1	0	1	0
          6092	2026-03-26 07:56:06	1	0	1	0
          1962	2026-03-26 07:56:20	1	0	1	0
          7490	2026-03-26 12:01:07	1	2	1	0
          7490	2026-03-26 12:01:09	1	2	1	0
          5926	2026-03-26 12:02:39	1	2	1	0
          8715	2026-03-26 12:03:04	1	2	1	0
          8715	2026-03-26 12:03:06	1	2	1	0
          6092	2026-03-26 12:05:08	1	2	1	0
          9271	2026-03-26 12:05:21	1	2	1	0
         19073	2026-03-26 12:05:34	1	2	1	0
         41721	2026-03-26 12:05:43	1	2	1	0
          1962	2026-03-26 12:06:02	1	2	1	0
         30774	2026-03-26 12:07:34	1	2	1	0
          2606	2026-03-26 12:08:08	1	2	1	0
          2606	2026-03-26 12:08:12	1	2	1	0
         23327	2026-03-26 12:09:56	1	2	1	0
         23327	2026-03-26 12:09:59	1	2	1	0
         22574	2026-03-26 12:10:39	1	2	16	0
         34154	2026-03-26 12:12:07	1	2	1	0
          8252	2026-03-26 12:20:31	1	2	1	0
         17018	2026-03-26 12:28:18	1	2	1	0
         46645	2026-03-26 12:34:20	1	2	1	0
          1962	2026-03-26 12:34:30	1	3	1	0
          1962	2026-03-26 12:34:36	1	3	1	0
          6092	2026-03-26 12:34:47	1	3	1	0
         30774	2026-03-26 12:35:39	1	3	1	0
         41721	2026-03-26 12:35:50	1	3	1	0
          7672	2026-03-26 12:36:08	1	2	1	0
         22574	2026-03-26 12:36:25	1	3	1	0
         34154	2026-03-26 12:36:31	1	3	1	0
          2606	2026-03-26 12:36:42	1	3	1	0
         19893	2026-03-26 12:36:57	1	3	1	0
         23327	2026-03-26 12:37:10	1	3	1	0
          7672	2026-03-26 12:37:22	1	3	1	0
         19073	2026-03-26 12:38:35	1	3	1	0
          9271	2026-03-26 12:39:18	1	3	1	0
         46645	2026-03-26 12:41:20	1	3	1	0
         46645	2026-03-26 12:41:34	1	3	1	0
          5926	2026-03-26 12:44:53	1	3	1	0
         17018	2026-03-26 12:47:23	1	3	1	0
          7490	2026-03-26 12:49:05	1	3	1	0
          7490	2026-03-26 12:49:06	1	3	1	0
          8715	2026-03-26 12:53:10	1	3	1	0
          8715	2026-03-26 12:53:11	1	3	1	0
          8252	2026-03-26 13:00:18	1	3	1	0
          7490	2026-03-26 17:01:09	1	1	1	0
          7490	2026-03-26 17:01:10	1	1	1	0
         23327	2026-03-26 17:01:23	1	1	1	0
         23327	2026-03-26 17:01:25	1	1	1	0
         46645	2026-03-26 17:01:33	1	1	1	0
          2606	2026-03-26 17:01:41	1	1	1	0
         41721	2026-03-26 17:02:05	1	1	1	0
         41721	2026-03-26 17:02:10	1	1	1	0
          7672	2026-03-26 17:02:18	1	1	1	0
          2030	2026-03-26 17:02:21	1	1	1	0
         30774	2026-03-26 17:02:48	1	1	1	0
          8715	2026-03-26 17:03:03	1	1	1	0
          8715	2026-03-26 17:03:05	1	1	1	0
          5926	2026-03-26 17:03:19	1	1	1	0
          8252	2026-03-26 17:10:28	1	1	1	0
          1962	2026-03-26 17:18:26	1	1	1	0
          1962	2026-03-26 17:18:35	1	1	1	0
          6092	2026-03-26 17:25:39	1	1	1	0
         19073	2026-03-26 17:44:30	1	1	1	0
          9271	2026-03-26 18:01:16	1	1	1	0
         17018	2026-03-26 18:01:24	1	1	1	0
         19893	2026-03-26 18:01:31	1	1	1	0
         44686	2026-03-26 18:01:38	1	1	1	0
         34154	2026-03-26 18:01:45	1	1	1	0
         34154	2026-03-26 18:01:54	1	1	1	0
         22574	2026-03-26 18:01:59	1	1	1	0
         22574	2026-03-26 18:02:02	1	1	1	0
         35885	2026-03-26 20:47:13	1	1	1	0
         35885	2026-03-26 20:47:15	1	1	1	0
         19073	2026-03-27 07:24:45	1	0	1	0
         19073	2026-03-27 07:25:08	1	0	16	0
         19073	2026-03-27 12:25:06	1	2	1	0
         19073	2026-03-27 12:36:52	1	3	1	0
         19073	2026-03-27 17:41:21	1	1	1	0
